Stage,N1,N2,N3,R,W
W,0.01685255426118443,0.013249274645548991,0.0003280177221047121,2.8522272397348685e-05,0.9695416310987645
W,0.028791307498248177,0.05900669753033996,0.0034208155603053787,0.00011820555714401766,0.9086629738539624
W,0.03347898776161945,0.05776909571912616,0.0015089321200870238,0.00019202615708724147,0.90705095824208
N2,0.013168768311165991,0.4646271624453543,0.2285325415156575,0.017975705584168073,0.2756958221436542
W,0.011190472859742782,0.08376573821522024,0.01727709129365639,0.08621605828005689,0.8015506393513238
W,0.018304819710535467,0.03453332924928245,0.01082009656202286,0.003381318026359621,0.9329604364517996
W,0.058483470839050825,0.04833841688007413,0.0005230397878734787,0.33993415437380853,0.5527209181191931
W,0.09870438716671155,0.24384135276945396,0.0011379506203972557,0.12233390411724661,0.5339824053261907
W,0.023638580179478903,0.059454044266927276,0.0004265346835038811,0.01145622005336113,0.9050246208167287
W,0.07342798506914074,0.2762629902834446,0.000519615663171554,0.10023491132346268,0.5495544976607804
W,0.03462376623428166,0.09297898143847012,0.0005274280222898573,0.09913161792733892,0.7727382063776195
W,0.010962549058756401,0.06235548643384609,0.0037466211597762156,0.16589863437239424,0.7570367089752271
N1,0.3752284379288402,0.22627807061190658,0.001468833022344287,0.16623472847432408,0.2307899299625849
W,0.1685721613543341,0.18019547470556355,0.0004450093381465267,0.21534825303171853,0.4354391015702373
W,0.1653443030092205,0.35107062387189114,0.0008015534186317142,0.11689315598345822,0.3658903637167984
W,0.10203040437520303,0.19021057698043659,0.0024411643315476552,0.04436326762623848,0.6609545866865743
W,0.03214397306812326,0.03239407177622585,1.1191320804178787e-06,0.0072679095613077,0.9281929264622627
W,0.06046469708493318,0.1443317948512544,0.0007621753613996207,0.021230896964959327,0.7732104357374534
W,0.011947893116029024,0.35625457771188407,0.02720556889287289,0.17101230628156447,0.4335796539976494
W,0.018036567619596214,0.37638048548577585,0.00526478636015102,0.005442710717121152,0.5948754498173559
W,0.06691823436570192,0.11621722704302026,0.0013608660517463126,0.02201388135483145,0.7934897911847001
W,0.0278949081630063,0.046396011882456484,0.0010787539533118522,0.013509382054664043,0.9111209439465614
W,0.018299482093079297,0.034337532920117965,0.0016999685599660857,0.008211303361647439,0.9374517130651892
W,0.03211226531295446,0.015491190368078686,0.00020307311114367322,0.03716131071436053,0.9150321604934627
W,0.0406296869418211,0.011558398339602228,0.00013390683643919933,0.06419244530146007,0.8834855625806773
W,0.08940697930326964,0.011575875783959957,9.966412150319913e-05,0.12960751609525867,0.7693099646960087
W,0.16434290672160295,0.021447713313064345,0.00016076942993008102,0.15691654238689595,0.6571320681485068
W,0.16088575799605886,0.0185969575802058,0.00013043070731763286,0.09836764491596947,0.7220192088004483
W,0.2386615489246571,0.03531632963545687,0.0003152993297088818,0.23578614384561192,0.4899206782645653
R,0.24644580959565193,0.08038932683698904,0.00021659170384253932,0.35993148441163497,0.3130167874518815
R,0.30624489600927524,0.06368258469558055,0.00033033255533216537,0.35433431044591,0.275407876293902
R,0.17541642807483723,0.02677220758637965,0.0003234403474932152,0.6481221869622801,0.1493657370290097
R,0.12682114911160844,0.08737475038946481,0.0015667418128987448,0.4965778921978715,0.2876594664881565
W,0.1839604368400958,0.15397427237202307,0.0003417137190769921,0.2890338656351306,0.37268971143367363
R,0.001378577366667972,0.003872403895987985,0.0001418154871146181,0.5876866862737347,0.4069205169764948
W,0.004645437570453739,0.002163163121734088,7.286881695254834e-06,0.01477863013028411,0.9784054822958328
W,0.023079424453192308,0.005241638240258425,2.1851021468525547e-05,0.00397708096662229,0.9676800053184584
W,0.015023474614135246,0.002886279573977201,0.00011513826609216006,0.004352563214465795,0.9776225443313297
W,0.2030733662195383,0.009084705488645081,0.005990210477215177,0.004072257507500101,0.7777794603071013
W,0.058804665724630494,0.013279966312163827,0.0013570295940905897,0.012950121824291146,0.9136082165448239
W,0.010604068287680648,0.00453446183637991,0.00019940003822398753,0.0036011233761868468,0.9810609464615285
N1,0.551640325941175,0.020138326033105388,0.0017703550597902818,0.004921969793008972,0.4215290231729203
W,0.05088247018686497,0.09764541927052105,0.0018443562195856315,0.00120776912868039,0.848419985194348
W,0.0034098354050238,0.06492358620584211,0.0905872727447484,0.0016392807437160188,0.8394400249006697
W,0.006414664384547081,0.031072750850188506,0.02827919361917018,0.00813363538389601,0.9260997557621983
W,0.015182457281943468,0.13990875269793443,0.13467662778168274,0.007475816368039409,0.7027563458703999
W,0.008745286698200329,0.01201033545838245,0.0006670120832765849,0.004734974602842917,0.9738423911572978
W,0.00589406905577472,0.01210702088260997,0.0033066041835493193,0.0007486668056801913,0.9779436390723857
W,0.0020010702920603717,0.0067161950010286645,0.0003745999485089661,0.0006115689603512483,0.9902965657980508
W,0.0025080065046364296,0.005872975693145682,0.00046061222255944955,0.0024598509278922704,0.9886985546517663
W,0.007198857626363485,0.008583942481330948,0.00037182302160316047,0.012945982312996377,0.970899394557706
W,0.03883189391627601,0.026882758117529496,0.0011251491817195769,0.004456414882826381,0.9287037839016486
W,0.013525711294313113,0.05989510547440514,0.003183917990962826,0.01233627902719328,0.9110589862131256
W,0.01040749595899052,0.01987992430949217,0.03840003162383311,0.0029128600764314755,0.9283996880312527
W,0.005557333308580425,0.02936892444693897,0.005012876124728168,0.0025580770851743382,0.9575027890345782
W,0.008996700530826282,0.06449154529852547,0.031219491735627374,0.00397831604013355,0.8913139463948874
W,0.00738629379442413,0.041581724531844604,0.0012990544276662859,0.01857562848522974,0.9311572987608352
W,0.013158686399536988,0.062290319636986245,0.0001270336098367564,0.023347485619391883,0.9010764747342482
W,0.008436499187415061,0.20412644041911213,0.0002315923514316654,0.04615124607832323,0.741054221963718
W,0.005612184073590672,0.033320341826162454,3.589236410468642e-05,0.015240356822729203,0.9457912249134129
W,0.015981691391601795,0.0179827101949162,1.26769707176598e-05,0.024931395731614896,0.9410915257111494
W,0.07118393168495078,0.023411403356440486,1.8368693634999323e-05,0.11858028485180236,0.7868060114131714
W,0.18843516378110745,0.037934364565435204,0.00011208070258137337,0.25443453685591144,0.5190838540949646
W,0.19373428414977,0.12103923118148904,0.000124346617184323,0.11828145566377986,0.5668206823877767
R,0.12432006543775644,0.14656907686078158,0.00040315886000229435,0.5900849074329222,0.1386227914085375
R,0.01847362558236111,0.10023313627617943,0.001281952084594671,0.49003533242605407,0.38997595363081067
W,0.029321048993310766,0.21386242627912494,0.005157334557022656,0.22065521545446165,0.53100397471608
W,0.043322269655394374,0.10310380529388162,0.004259177841829823,0.3338334922955302,0.5154812549133639
R,0.13294644537865688,0.23129245257013362,0.005976522207635373,0.4387080168728852,0.19107656297068884
N2,0.03608079912654091,0.6053489109425106,0.01050099940993952,0.1093157316495372,0.23875355887147165
R,0.02862087185488158,0.3195175101078342,0.006737714377483494,0.38646921520458083,0.2586546884552199
N2,0.029227914015367378,0.6332274603653293,0.004258571124170273,0.20320831894734115,0.13007773554779192
R,0.05116752170508081,0.3024045947987891,0.00443677604734715,0.5321964596962077,0.10979464775257528
R,0.1290516814150992,0.03544113465865198,0.0015502738230944886,0.629879336149451,0.20407757395370332
R,0.12470228093828882,0.06791193845851598,0.001566453626975886,0.7053516254017054,0.10046770157451392
R,0.21282096074289863,0.12203000876642697,0.0002242653360463678,0.3999043845312593,0.26502038062336875
W,0.042489838464654796,0.06227314340378071,0.00856485927203858,0.3305038327456855,0.5561683261138405
N1,0.5544749379190591,0.19405260999328863,0.004955715858195625,0.013400976549350187,0.23311575968010634
N2,0.3100803269716511,0.5041195544208649,0.03611526005247261,0.0066517618035071766,0.14303309675150422
N2,0.19756944578502625,0.701062966924617,0.011040501263838643,0.006175530912515473,0.08415155511400264
N2,0.0839142059226855,0.8799675931955213,0.0024398355183580644,0.006315126672322095,0.027363238691112866
N2,0.07610951726591357,0.8804858585186055,0.003220067641787572,0.0051172175166764745,0.03506733905701674
N2,0.1438204602233241,0.7467850352600833,0.002191365485203068,0.06849221995741546,0.038710919073974025
N2,0.005990800827602758,0.9832669594386511,0.0018354719178430897,0.004357427898490038,0.004549339917413051
N2,0.03417051036401659,0.8951845493976572,0.0018070503938474151,0.02588666579300272,0.04295122405147611
N2,0.05078195759750698,0.5325254202967655,0.05320147261053541,0.015524373961645774,0.3479667755335464
N1,0.3262868977268455,0.2019995540122364,0.00781010829321555,0.25132243671655774,0.21258100325114496
N2,0.11314578792281686,0.6635646661532468,0.008940243301660012,0.17958975733290627,0.03475954528936992
N2,0.04863250637722707,0.780170137828431,0.01568079963237748,0.10298959346359485,0.052526962698369525
N2,0.01847279829272526,0.859370682211725,0.013028863306929112,0.04277656286293697,0.06635109332568376
N2,0.011687132056851932,0.9601137731458114,0.004194265359086752,0.009833158066751065,0.014171671371498907
N2,0.029035026151458393,0.6772778387890089,0.003117395939174494,0.17308600159319903,0.11748373752715903
N2,0.02592799974830466,0.8363204109572322,0.00875245434114221,0.03548174136692792,0.0935173935863929
N2,0.010076809469149704,0.9339603660014748,0.0027229668461486007,0.025003295351566222,0.028236562331660428
N2,0.016386641513454016,0.9211184675890716,0.005319430150871141,0.00851633400681809,0.04865912673978538
N2,0.006035303157802726,0.9019322112312168,0.0013955982773466657,0.07078365268696132,0.019853234646672657
N2,0.003718364311655502,0.9211604797027516,0.027584020703386166,0.012688323477125145,0.03484881180508144
N2,0.009096786592208415,0.8735771019208179,0.08451791751009008,0.01509338170003869,0.0177148122768449
N2,0.007020411555698414,0.8330806657909112,0.14444257880297337,0.0030832722059029242,0.012373071644514143
N2,0.011632158616736879,0.6694626625433283,0.29279203026261064,0.0001199060185223573,0.025993242558801758
N2,0.012445605871195135,0.6866485948161599,0.25029579408869695,0.0010201938440335323,0.04958981137991454
N2,0.04970665625868995,0.8664713356140784,0.03606034001806348,0.013965950865900986,0.03379571724326707
N2,0.013388953264178856,0.7986249894145935,0.1713779150593856,0.00117359301463604,0.015434549247205887
N2,0.017442613318656215,0.6381613392802548,0.32345186226656436,0.0004032280711602655,0.02054095706336437
N2,0.0114844110673919,0.7578178421464541,0.19915092233692974,0.0009549820126483037,0.030591842436575898
N2,0.00393313968870899,0.5765225616214633,0.38063045504803467,0.00010551653058621399,0.03880832711120688
N3,0.0010734923330760376,0.19049694349850244,0.7977527791632644,6.444066737111109e-05,0.010612344337785986
N3,0.001173618411716491,0.15555758955026944,0.820595568423011,0.0003425388072346469,0.0223306848077685
N3,0.002195399387331506,0.2269878327042929,0.7090272951880314,0.0006244556825696251,0.06116501703777466
N2,0.003442991283330033,0.7915710714400329,0.16507872954574662,0.0012896979162613698,0.03861750981462923
N3,0.0008833771511061374,0.14800176183289998,0.8298187939120062,0.00036229934527693704,0.02093376775871056
N3,0.0002625053015471348,0.2929154678161638,0.6978769054823404,0.00018547179550266725,0.008759649604445979
N3,0.0003399693374043217,0.4175903018502779,0.5568196396398924,0.00023154327259441806,0.025018545899830793
N3,0.00041578525255262286,0.24293017683877274,0.6873600831641609,0.0006056905024465437,0.06868826424206732
N3,0.000421735317321906,0.1400122276252051,0.8201039365416546,0.0007240681333352704,0.03873803238248326
N3,0.0015323375330287801,0.055928223109266505,0.916460669042558,0.0016941262652817113,0.024384644049864984
N3,0.0009226694345535313,0.08008374024555819,0.8750849834646314,0.0008130750872939712,0.043095531767963005
N3,0.0010009712053557893,0.10809054852624815,0.8578245877605267,0.0009289362753242772,0.03215495623254506
N3,0.0024755266630966245,0.17103071692568694,0.7969724429267816,0.00031307569339248124,0.029208237791042306
N3,0.000416958881681656,0.09063010845123082,0.8897974912645001,0.00013472954791468662,0.01902071185467262
N3,0.00046015202989606134,0.07170644804330861,0.9127369227406018,3.9225254618136353e-05,0.015057251931575418
N3,0.001007788448123635,0.10822098744989049,0.8676652481732452,7.572917938064253e-05,0.023030246749360137
N3,0.002122720954085781,0.2587039731964181,0.6231028401434568,0.0009388743347727312,0.11513159137126659
N3,0.0005947502577053147,0.06159800742941301,0.9115633915041383,0.00012056415521679752,0.0261232866535265
N3,0.0006101992960483693,0.0413319880334016,0.9368361059125311,7.67674331262393e-05,0.02114493932489264
N3,0.0007748203532266038,0.17914718153935474,0.794794916705388,0.0003873039706498208,0.024895777431380696
N3,0.0021894794462713665,0.2043449263821878,0.7524217835651752,0.000990002863141577,0.040053807743224
N3,0.003948101814844601,0.19784652035232514,0.7709313820710885,0.0006010732915064345,0.02667292247023544
N3,0.0020827393725720983,0.12926643683959693,0.8476371822653056,0.00024355911256219502,0.020770082409963003
N3,0.0003497020580635412,0.04146607100955981,0.9535039840593921,7.266629385534189e-05,0.004607576579129062
N3,0.0014370918141281834,0.10902252456995823,0.8537862529161014,0.0006157047388870434,0.03513842596092522
N3,0.0016882986695813333,0.37479196943867166,0.5635547852289972,0.0016680337136645814,0.05829691294908519
N3,0.00023321197189889433,0.08770303670966978,0.8909039385019227,0.00042613134059156374,0.020733681475916897
N3,0.0007200760020126848,0.12204064393062694,0.8553632396026227,0.0007669552754706409,0.02110908518926717
N3,0.0003361256546416181,0.04080252710543294,0.9494746528187573,8.402933301166896e-05,0.009302665088156557
N3,0.0003810964356037148,0.05205625114540939,0.9371493029818807,0.0003167864893485806,0.010096562947757664
W,0.013983397219208327,0.0558674368261822,0.05923104045546877,0.0015414593377740943,0.8693766661613667
W,0.0060746146955423614,0.026893041075323015,0.0013671758426155051,0.014054876642234773,0.9516102917442844
W,0.12812254605935167,0.05036599403910524,0.009251389382298528,0.0077691982839933026,0.8044908722352512
N2,0.1343395939091827,0.5894877628322645,7.658444241560981e-122,0.03147814238203264,0.24469450087652017
W,0.07402371454935974,0.2869567909295059,0.0026176360924162977,0.07342250222530561,0.5629793562034126
W,0.13362473796130114,0.18592269709980325,0.009724470871407126,0.31054627779548644,0.36018181627200213
N2,0.08616810257845739,0.40494909615356744,0.025868441324747925,0.16057208769849582,0.3224422722447314
N2,0.048740496654584894,0.48717752570767586,0.05136869479901733,0.19833541164927085,0.21437787118945106
N2,0.04350881893028624,0.6599974491942046,0.004904810857602213,0.07820863606808126,0.21338028494982572
N2,0.07618077102774444,0.45984497597659185,0.008790675091001355,0.15691225677021642,0.2982713211344459
W,0.041332966305883984,0.20493087091246645,0.03979438744219492,0.32461074160858755,0.38933103373086714
N2,0.08731104551213942,0.5256529633406198,0.006592463844001075,0.20310194457337793,0.17734158272986178
N2,0.15502061147732626,0.3187478428130846,0.05235912932646403,0.23678773036651532,0.2370846860166097
R,0.2353332030416623,0.22936083118759065,0.004789474448747659,0.3103573988681825,0.22015909245381685
N2,0.155834908223751,0.452817250364091,0.008549944487375831,0.241505505645044,0.14129239127973808
N2,0.03366659116924004,0.7466647880440892,0.07552598099169072,0.03270802353524958,0.11143461625973038
N2,0.015549530559917339,0.919724513650101,0.008169354024884256,0.008336881461891111,0.048219720303206336
N2,0.00842692319858429,0.9176476067881417,0.025596085715596177,0.008370826618414231,0.039958557679263436
N2,0.008499102546311376,0.8854133068054237,0.07808847005334656,0.005258779077150967,0.022740341517767507
N2,0.0027288364916406697,0.8050087066757701,0.15869199655354832,0.000763998277580384,0.03280646200146071
N2,0.0062414178352961985,0.704061359668559,0.2604366203808436,0.0007523509868131572,0.028508251128487976
N2,0.003660594813049253,0.4945028783298257,0.494084343554285,0.00029466094119492514,0.007457522361645186
N3,0.0017205747033405161,0.4294542669988821,0.5547081034065003,0.0002477221660139825,0.013869332725263084
N2,0.00470844491812648,0.49240213930839216,0.48428125894235236,0.0007473860339238375,0.01786077079720509
N3,0.002741057616436483,0.31788460003212937,0.6677710073521795,0.0009886300753928685,0.010614704923861849
N3,0.0016957735767710866,0.23581249800115917,0.7524543747409363,0.00013944122603923862,0.009897912455094086
N3,0.0014321537808176098,0.3265936576475245,0.6481394499571662,7.30785269630505e-05,0.02376166008752858
N3,0.0005550995368632359,0.2742802617792262,0.7110057677035999,3.509732157780504e-05,0.014123773658732828
N3,0.00021861498725953967,0.12513700824842114,0.8672980100397059,5.698219874129448e-05,0.007289384525872158
N3,8.908667079077318e-05,0.04564298134656679,0.9492640529076991,6.0917689448277027e-05,0.004942961385495074
N3,0.0003603177025957848,0.030664948752828082,0.9324224444264629,0.00010616883799617175,0.03644612028011705
N3,0.00018174519961563473,0.032337725365984824,0.9636883758643485,0.000184572892553517,0.003607580677497682
N3,0.0002769165306904027,0.03158285423986227,0.9650845360562994,0.00014040198940586137,0.0029152911837421456
N3,0.0002719595268313888,0.05967135143544221,0.9319960217273544,3.055940614532497e-05,0.00803010790422671
N3,0.004997500993683755,0.39467458380099696,0.46534447079341357,0.0006455558575725703,0.13433788855433304
N2,0.01284176117904885,0.5583382603366412,0.3361665650958126,0.0018252057087951251,0.09082820767970233
N2,0.045298564157849205,0.7883073704443125,0.01129624265860649,0.08050212713630836,0.07459569560292353
N2,0.01416554094615216,0.9352965969117453,0.025707721259805565,0.01070126157003808,0.014128879312258905
N2,0.00976502431267159,0.818652876937282,0.049053324581546744,0.010897187686754307,0.11163158648174536
N2,0.02549083678832688,0.7456332248107597,0.08344831292793067,0.026962608940273334,0.11846501653270947
N2,0.044513865034558085,0.3365445274149431,0.018103650429224002,0.31151132573142515,0.2893266313898496
N2,0.007065481370629534,0.5720288433406185,0.19006320287849318,0.060360473156683664,0.17048199925357502
N2,0.01755579347639627,0.714524703192894,0.08862796320900954,0.050492084100582646,0.12879945602111764
W,0.0165340053480087,0.09880732221897533,0.011104440716161337,0.03364222868994691,0.8399120030269077
W,0.08461003382529206,0.0038728466808579704,0.00010766211446465309,0.0012620976878036,0.9101473596915817
W,0.3236848159207722,0.006185251358886225,2.418779584904604e-05,0.033830148368351375,0.6362755965561412
W,0.01824224368206681,0.00482018986917549,0.00031534571989660855,0.04064063443569455,0.9359815862931665
W,0.17930650478961146,0.07104615653690612,2.5166783346376123e-41,0.0800107174305334,0.6696366212429489
W,0.39504566452335765,0.1498391347972795,0.0009864990309509532,0.030180549896584318,0.42394815175182754
N2,0.08761475035550323,0.6164587089551636,0.005452795925913756,0.05183376977122519,0.23863997499219422
N2,0.037935914092482356,0.899634688845243,0.0036791887636133894,0.015104146569391786,0.04364606172926937
N2,0.1167429166602111,0.6087509073898821,0.0012735635856536514,0.011321391952118924,0.26191122041213416
W,0.10589395611863067,0.26177600195933454,0.00023080505234530888,0.1155749458830461,0.5165242909866434
W,0.0935840926962133,0.1447582470611733,0.0011098646938605453,0.22696974800141917,0.5335780475473337
W,0.019254494115236626,0.1686420506477696,1.5698642423431628e-58,0.050445059014179075,0.7616583962228147
W,0.1173599762627805,0.36321588734101523,0.0010180875400228543,0.0815802372813496,0.4368258115748317
N2,0.17502762126918783,0.4640757408255677,0.0003632171700179752,0.07600365535411338,0.28452976538111324
W,0.25317074538033707,0.18906584704583257,0.00036261250119307793,0.15327572409720425,0.40412507097543293
N2,0.22892566906014308,0.5216506758844673,0.002158170958534105,0.17537355501105525,0.0718919290858003
N2,0.1457120857930787,0.7235373243252436,0.003342806702899328,0.08766215511961756,0.03974562805916058
N2,0.03779024604012811,0.7639417421621904,0.014114749454180895,0.13521680534707187,0.04893645699642895
N2,0.022817965017113646,0.8353645925165206,0.008638721724614398,0.10104678895703037,0.032131931784721075
N2,0.03936491017302911,0.533638955816889,0.0070350463826209485,0.2663655784269654,0.15359550920049542
N2,0.004856286536992723,0.9222562332904041,0.011602198043536802,0.04029057865919011,0.020994703469876398
N2,0.014256326226560877,0.9528398076163876,0.004007931628531006,0.016158922077335755,0.012737012451184785
N2,0.008938199802075534,0.9641153453094751,0.01059270288591655,0.005863860197987962,0.010489891804544805
N2,0.014305384313028646,0.9380607489625608,0.021836043655962197,0.003059418147311802,0.02273840492113675
N2,0.010186398236981723,0.933424774271596,0.047829172707485504,0.0010381827032796514,0.007521472080657281
N2,0.009717064007807332,0.9073971549674501,0.06704655537896267,0.0005580192188301015,0.015281206426949571
N2,0.004480840689318517,0.8463593528022173,0.14352235812469205,0.00010063620899117479,0.005536812174780917
N2,0.0025422000896206764,0.7446203839511103,0.24741129074866308,6.964968121123584e-05,0.005356475529394661
N2,0.004477076022007997,0.8804008352606004,0.10474829082776811,8.1251162505085e-05,0.010292546727118155
N2,0.044139786227656345,0.9109270312497072,0.004970439229604418,0.002102818852131893,0.03785992444090018
N2,0.03943826126016079,0.5556304169070054,0.008105726316246483,0.008432450638560397,0.38839314487802695
W,0.12437398039423396,0.2957321921039696,0.020478792742928853,0.07516853935796662,0.4842464954009009
W,0.02288584199720242,0.04925082069609321,0.02129930693710139,2.1936284870288414e-23,0.906564030369603
N1,0.5250309848290111,0.38235682155085754,0.004094385399825886,0.003566898371131005,0.08495090984917447
N2,0.2273620808896156,0.6341540676124726,0.006772789763553044,0.006946178490736101,0.12476488324362277
N1,0.5204834848710141,0.15052694934571656,0.0013204287579797914,0.0547925362994229,0.27287660072586667
N1,0.663068320123341,0.15616252284672896,0.00018075010425784195,0.03159962591861795,0.1489887810070543
W,0.372614486310173,0.14455706434847815,0.0006536272378583005,0.026537816614651717,0.4556370054888388
W,0.24509828918862506,0.16064988772750766,0.00044455305282721345,0.012525513889736757,0.5812817561413034
W,0.14496907319950245,0.06582715391230903,0.0004871752034748718,0.039236473795455494,0.7494801238892581
W,0.13730743884619506,0.0652534266984187,0.0004062807725022526,0.01109756335915162,0.7859352903237323
W,0.04698854320334465,0.06411100075411767,8.410336217487721e-05,0.030226991244339967,0.8585893614360229
W,0.21638117556030853,0.03682537693050838,0.00013098573972530745,0.025510117884492214,0.7211523438849656
W,0.1501607707655251,0.09826265203579504,0.00013267072336856051,0.020783209288224753,0.7306606971870866
W,0.26974609994971827,0.09321593015192806,0.00011661452503832313,0.0285551128100853,0.60836624256323
W,0.12123686330435633,0.12471468432987921,0.0008250799315841352,0.07980275453525154,0.6734206178989288
W,0.13370845711581397,0.10746006912923195,0.00011515430800607423,0.018176218846159244,0.7405401006007887
W,0.11229546320316525,0.19812681802632762,0.0033929880229053764,0.06168180721201039,0.6245029235355913
W,0.05744430474210398,0.0061509221261141465,7.534081346182188e-05,0.029432046991566454,0.9068973853267536
W,0.2722860064053385,0.16590856909784116,0.00020288506161167348,0.055555986187263456,0.5060465532479451
N1,0.45215060347660857,0.06136976734722345,9.106244854525856e-05,0.1630517493414541,0.3233368173861686
W,0.25176713490869823,0.09368582482369218,0.0008188312205237414,0.057801534434080315,0.5959266746130055
N2,0.1697330491713123,0.4289871920577315,0.0009924185735423776,0.06398047631078072,0.3363068638866331
W,0.2240006101048712,0.06116342470299174,0.00010495103550312418,0.05949682853437371,0.6552341856222602
N1,0.4630153551407801,0.10639693468371735,0.00042644423090471196,0.10072411727766682,0.32943714866693097
N1,0.5016379748605914,0.045924676055693794,8.031259794273894e-05,0.07463570562538678,0.37772133086038534
W,0.05631473840655797,0.1164748889234881,0.001995930044614778,0.0318172353832218,0.7933972072421174
W,0.2035142050481277,0.19321463982179027,0.0012338356897573742,0.023006745478144325,0.5790305739621804
N1,0.43208147372503225,0.2436667274350407,0.0005834458427408452,0.09234237763109782,0.23132597536608845
N1,0.3720508339484867,0.14473775647092993,0.0003100232970227568,0.2500006068093917,0.23290077947416904
N2,0.1832233463825334,0.3553933892868908,0.00659264610997257,0.1803512858772715,0.27443933234333173
W,0.027358773894088296,0.030430069352302747,0.012902371882732544,0.10106533193500851,0.8282434529358679
W,0.01582957665909322,0.10031647421634923,0.07793540576671544,0.3677662241626477,0.4381523191951944
N1,0.5535368327617783,0.13392684918842235,0.0014337577424021778,0.0061142965109388485,0.3049882637964583
N1,0.4524303541555717,0.34576444728127975,0.012183129429150077,0.00923711028235497,0.18038495885164346
N2,0.3003139556381674,0.47213619946671764,0.06191636138251442,0.021710428267678817,0.14392305524492166
N2,0.059936362088766314,0.8909432586073386,0.008523196226163139,0.0028054716081241282,0.03779171146960762
N2,0.024339732697955425,0.8848244448967764,0.04446305564336565,0.0011377396218284366,0.04523502714007428
N2,0.0036544471778889357,0.9329988624402127,0.020054653968150708,0.000219117327404598,0.043072919086343295
N2,0.009483282178090956,0.5707213874431663,0.3652615147612703,0.002786191457005966,0.05174762416046658
N2,0.01826807482466085,0.8129226004797305,0.01675155601993232,0.1261780002907162,0.025879768384960092
N2,0.015277511451144614,0.8782173896677729,0.0339456921049285,0.01964681628069144,0.05291259049546245
N2,0.016719380742922584,0.9131916271277349,0.012252620130856172,0.018263541889570113,0.039572830108916046
N2,0.0293835834836808,0.9493090385903852,0.004863338361381273,0.009483915694808139,0.006960123869744617
N2,0.016157212156807512,0.8868915466106945,0.010188847579809104,0.01920535686151882,0.06755703679117016
N2,0.02762594825421114,0.9281082563939254,0.007349377430596518,0.024251425189065062,0.012664992732201862
N2,0.045165769136929185,0.8481156921076249,0.004668516873820726,0.0384822856519075,0.06356773622971772
N2,0.008986619181160085,0.9731653646975603,0.0051200670423198515,0.004716178431328038,0.008011770647631773
N2,0.012367296294421834,0.9554309462768421,0.007392752918780125,0.007194543977309081,0.017614460532646672
N2,0.020803074806175662,0.8826900614593409,0.017084949694837044,0.004181592893632773,0.07524032114601371
N2,0.018107525267458315,0.6382745971061312,0.2774135933177059,0.021277824836234725,0.0449264594724699
N2,0.04466646242132188,0.8724843709952794,0.03875251960337955,0.018916049030596616,0.025180597949422453
N2,0.008273842367886143,0.7152646022077281,0.21660491732629517,0.014662889030666565,0.04519374906742401
N2,0.03025773275791965,0.9451076856814619,0.013838279778280723,0.004476757856434702,0.00631954392590282
N2,0.009542574026520204,0.8794827396398346,0.0907482501651788,0.001185622646929435,0.01904081352153702
N2,0.009324608569336748,0.9389706248479622,0.013815527784506567,0.00025257279868833694,0.03763666599950625
N2,0.007549628283364748,0.9020334840860313,0.03541510612143918,0.0004695489751534851,0.054532232534011314
N2,0.002691149316641906,0.8840282201733355,0.08593459942555812,0.00032690177216721314,0.02701912931229712
N2,0.0070914302986879105,0.9304832819173645,0.051258506640990076,0.0007815753392575199,0.010385205803700335
N3,0.001358737638085622,0.46417460404309174,0.5229451448396492,0.00046492908580223006,0.011056584393371214
N2,0.012074271934150891,0.5052979882303251,0.4310516315086819,0.002049203365213916,0.04952690496162822
N2,0.007543290385470917,0.6778746747878975,0.1819577829274002,0.0016927806493258982,0.13093147124990562
N2,0.012794210881237972,0.5820335253129708,0.3276652052961998,0.00058399492024896,0.07692306358934255
N3,0.010261290700629264,0.3923112972088431,0.5791802865718554,6.544088953735695e-05,0.018181684629134824
N2,0.002797453198711091,0.9117372863431162,0.07263640114025646,0.000243627156053993,0.01258523216186237
N2,0.002735484745351561,0.49618556229748717,0.4646231819448007,0.0002898611999947311,0.03616590981236595
N2,0.09278751378773271,0.49149680789445876,0.2495063212430136,0.002077706370091517,0.16413165070470354
W,0.27506304380791435,0.06817324725921686,0.2695697621373113,0.01624924784191417,0.37094469895364324
N3,0.02748200408744464,0.14503108253169306,0.4473185568198074,0.0016585587683223717,0.37850979779273247
N2,0.1701735905638046,0.6505010708899845,0.007608133181090311,0.02567095604793099,0.14604624931718943
W,0.006402160208550255,0.2345043284947836,0.0003264562034216997,0.04115695617066018,0.7176100989225842
N2,0.03301651250419438,0.7966287086435483,0.02946205837541123,0.02864574443287269,0.11224697604397339
N2,0.027879663154906167,0.6902794374540672,0.1451340821573299,0.045675630792012555,0.09103118644168415
N2,0.018673877089489796,0.603853683738231,0.25934404038356684,0.0445962644360678,0.07353213435264457
N2,0.008902257736258554,0.6572374824106225,0.20963193452422918,0.06525886198268811,0.05896946334620167
N2,1.7761840041764927e-10,0.7848558922435717,0.12118733340206966,0.017726235282794083,0.07623053889394621
N2,0.0050914783959747235,0.7680450152961636,0.12300334789705648,0.07350343766742262,0.030356720743382647
N2,0.0029502021038381896,0.6070575150163867,0.22990776430428336,0.005255610954061443,0.1548289076214302
N2,0.0026224647780482605,0.7956742894848703,0.16929059253428225,0.002271832418220811,0.03014082078457835
N2,0.004347165805086785,0.5878879102149444,0.36767006324102536,0.0007090331567970999,0.03938582758214652
N2,0.001460883530634752,0.5112147448465474,0.4644064635310133,0.0004167263735714325,0.022501181718233183
N3,0.0011243812907043146,0.3675225649682894,0.6069560007663977,0.0006741413194037621,0.02372291165520495
N2,0.004744413445639605,0.49790675711947185,0.4245591917657514,0.0008689226368193467,0.0719207150323177
N3,0.0023059982624557282,0.34633779720451224,0.6315751612439355,0.000578353261402201,0.019202690027694334
N3,0.004260858885629539,0.11983684438654071,0.8423602811908603,0.00018063998730197958,0.03336137554966749
N3,0.015287767392777443,0.44541819478295364,0.5098782993247871,0.0005906444304515664,0.0288250940690302
N3,0.0029763184324336426,0.24112778917729122,0.7431162933435438,0.00021746914790181645,0.012562129898829577
N3,0.0005873323265048121,0.09525331435631788,0.8973096408598431,8.843344380029866e-05,0.006761279013533973
N3,0.0006411613704779504,0.34828848504403315,0.6158038837933051,8.006357021999427e-05,0.03518640622196373
N3,0.0038476332492093273,0.3742179364007403,0.5443352755898065,0.00020653657320996883,0.07739261818703387
N3,0.0006170750688008702,0.19960509241393778,0.4640040687598737,0.0002604147289905193,0.3355133490283972
N3,0.0002816337575176007,0.07687924036438616,0.8733623949602959,9.257646412527554e-27,0.049476730917800374
N2,0.004429335338313149,0.5278238502454502,0.40936409164810283,0.0006608659825971241,0.057721856785536756
N3,0.00028526619264212437,0.09117294691415391,0.902585535013525,5.455282890039772e-05,0.005901699050778575
N3,0.000221442519542452,0.15607033827165842,0.833517856595142,7.214847344272417e-05,0.01011821414021437
N3,0.000566574798673576,0.1445631175190566,0.8441342813314624,7.683612210922564e-05,0.010659190228698297
N3,0.0008544400597422478,0.11123657156970394,0.8721123208513649,0.0006511399442119882,0.01514552757497686
N3,0.0006664072350207931,0.0710374508304746,0.917765753624017,0.00037420052318737677,0.010156187787300163
N3,0.004789780865812758,0.2725830701818599,0.6844021465877845,0.0016733357296295785,0.03655166663491327
W,0.0465818089809333,0.26161926677007696,0.06963285473604733,0.07176204528178314,0.5504040242311592
N2,0.03615035454889749,0.5200733762280229,0.2876421668892076,0.008500402093474559,0.14763370024039746
W,0.1574780246644231,0.25167821878764646,0.17867962610278096,0.054322571454792856,0.35784155899035663
W,0.16482564897662516,0.24331310864328679,0.001716748460368392,0.08658043076102917,0.5035640631586905
W,0.18501239020558669,0.09926788238529527,0.01806280428729126,0.06479244249298546,0.6328644806288414
W,0.03668226459024646,0.09426781087923822,0.005990504398901592,0.06289300518786572,0.8001664149437481
W,0.056188071926681384,0.1633282208187413,0.005924805529441949,0.010982681995208588,0.7635762197299267
W,0.013173744039043402,0.2696311363375052,0.007527673111048587,0.03222840684910246,0.6774390396633003
W,0.017002484538914377,0.2584671056365837,0.024792308814422938,0.10025210097273972,0.5994860000373392
N2,0.012925781258962911,0.45057073865209374,0.023346382377910643,0.08187255488617902,0.4312845428248537
W,0.033309816121790875,0.30969228934552623,0.045612707852359706,0.11606148746853955,0.4953236992117837
N2,0.004246442578853624,0.46746356570961,0.032769984968334304,0.08562382064069296,0.40989618610250905
N2,0.023828598405048255,0.6867962365935927,0.10458815431977081,0.02173818973953912,0.1630488209420492
N2,0.012781198897897191,0.8045451863110602,0.12416030302826911,0.005542760229549347,0.052970551533224206
N2,0.018268941892502798,0.8536651304515621,0.10021861342573161,0.007548375505278195,0.020298938724925285
N2,0.004313174863374787,0.5435521475614324,0.43497099593834293,0.0012457997526030605,0.015917881884246823
N2,0.008682667661976524,0.6992973234623363,0.24832025210225045,0.004339110833351239,0.03936064594008525
N2,0.006178584444800098,0.5552121266664266,0.4225237672614041,0.0058053039192476836,0.010280217708121542
N3,0.00090352909105352,0.17588292576030215,0.8190887926052695,0.00033507140946773293,0.0037896811339069893
N2,0.012031208057992397,0.6888365510949374,0.2798810428446147,0.0019281725339124068,0.017323025468543203
N3,0.007625503438781793,0.3433973544741377,0.6393076234609435,0.0022182471101410855,0.007451271515995824
N3,0.002106975096369393,0.4059436643903926,0.5843374511923937,0.002170345320460545,0.005441564000383857
N3,0.0010452609609973307,0.1913229142229844,0.8038880603435629,0.00021992078893677322,0.003523843683518816
N3,0.002553199717883411,0.3675237386093687,0.6170100384340728,0.0008048989558454169,0.012108124282829522
N3,0.0010242790792593071,0.371033530774489,0.6201453396268115,0.00017697162363658218,0.007619878895803688
N2,0.0026653529179953657,0.5243068621932786,0.4677874389395692,0.0002185990933584973,0.005021746855798363
N3,0.003484812399081991,0.35903826629149793,0.6043187564091241,0.006468527641514512,0.026689637258781422
N3,0.0020504875090115522,0.3957202602290094,0.5783695404957244,0.0002595687022019866,0.023600143064052535
N3,0.004325460327169906,0.28153630305403826,0.6898022116936804,0.0002659858858535869,0.024070039039257966
N3,0.0038237981134595757,0.2653080194968356,0.5997343352385445,0.007778874009974405,0.12335497314118593
N3,0.00959425883754123,0.44284641667045593,0.523262691907795,0.002161159375264224,0.022135473208943702
N2,0.011653420729977793,0.5699237767022707,0.3482349036435812,0.017500771690439825,0.052687127233730494
N3,0.005564929011794994,0.3356089615886268,0.5694699245779453,0.027993640426546847,0.061362544395086115
N3,0.006838983198610929,0.2929525564274208,0.6265743840847042,0.02643616992642172,0.04719790636284232
N3,0.0033099242020726413,0.4264733304456137,0.5484657716026569,0.003758833536444136,0.017992140213212632
N3,0.0020009863677066778,0.3155657030708728,0.663264016209574,0.002608932112261343,0.01656036223958525
N3,0.0013156400330151614,0.2909463094252112,0.6894382520683021,0.001071485714282964,0.017228312759188735
N3,0.0014472222760199185,0.2285784726098672,0.7294250367541565,0.0012988490830908887,0.03925041927686544
N2,0.010042720842077406,0.513794497269921,0.40057832904267804,0.0015062145013752996,0.07407823834394828
N2,0.019608392578196507,0.6461950242227202,0.2223281296049795,0.0025541707662366346,0.1093142828278673
N3,0.0036391889830165304,0.11286307484420316,0.8570245759432268,0.003186979730667838,0.023286180498885572
N3,0.005064643328932396,0.23349306413738952,0.7376668085494182,0.0008387149681276678,0.022936769016132227
N3,0.001140427742104348,0.07135447174646127,0.8933721193161014,0.002918128198074851,0.031214852997258076
N3,0.0010044705564094696,0.017589846504154762,0.9724631817998933,5.405113393443547e-05,0.008888450005608221
N3,0.004334682231666134,0.24602797398980242,0.7099809486811056,0.0049001494576445415,0.03475624563978119
N3,6.09041517365968e-05,0.014018754150529406,0.9831553247037185,4.647822977585232e-27,0.0027650169940156392
N3,0.00023550905708150409,0.046324819563114183,0.941407153481229,0.00010755305256714297,0.011924964846008128
N3,0.0008893247599158574,0.15460640664041628,0.7849367710619153,0.0003727489747188641,0.05919474856303371
N3,0.0013196221925468822,0.4224647249277768,0.5522069366238574,0.00045455015617968915,0.023554166099639135
N3,0.0006145899065944158,0.11957482324493604,0.8698823041521219,1.7402422822809782e-26,0.009928282696347815
N3,0.002124782864401575,0.17075383407645697,0.8104305951423821,7.733948053366555e-05,0.016613448436225663
N2,0.0033933097414636793,0.6288232404899154,0.3317397011971122,0.0012787570862226355,0.03476499148528601
N2,0.000923491352626778,0.6509342714213536,0.33939694705095835,0.0007353399820077867,0.008009950193053514
N2,0.0102295755933495,0.740764862007444,0.17561399958427273,0.002255527435910241,0.07113603537902351
W,0.0059602588518460845,0.2241228325867607,0.2783791639991609,0.015282271715562425,0.4762554728466697
N3,0.002656642226874762,0.1532685582200217,0.7485543022781362,9.034287433111192e-26,0.0955204972749671
N2,0.005483503014821955,0.585099067086607,0.39616711565489726,0.0003190182247164288,0.012931296018957242
N3,0.0034502321586865167,0.410841170170464,0.5123897108559445,0.046441358562389144,0.026877528252515753
W,7.087052324371166e-31,0.20944887024058012,0.34872684237298723,0.06047183618537858,0.381352451201054
N3,0.0027030599627556554,0.39745587150212663,0.4507841526177285,0.024022406957921617,0.12503450895946766
N3,2.3296799322216377e-32,0.2278281204302735,0.5366985681466332,0.043900011775549745,0.19157329964754347
N2,0.005951865218205949,0.4726662295518592,0.23469877356643845,0.0035143784177093743,0.2831687532457871
N3,0.003408294953012837,0.2911860168653707,0.5391150987658638,0.1115471414225576,0.05474344799319504
N2,0.012299207218739684,0.36446672479272896,0.2576735265363969,0.270077444384039,0.09548309706809557
N3,0.012330534078296587,0.1700080950700226,0.5098654914962482,0.2940192377267486,0.013776641628684028
N2,0.004587384805278461,0.49150000097046864,0.28729042648362113,0.20481867496831574,0.011803512772315915
N3,0.002293850560097645,0.2591052986037419,0.5167370555898564,0.20518273355405967,0.0166810616922444
N3,0.003399001228339282,0.4020453725876407,0.5063654880671489,0.03637071953773074,0.05181941857914037
N3,0.006679955432944077,0.35514719641803744,0.5598666581502948,0.06627406944093248,0.012032120557791202
R,0.0015506562545767098,0.3303845324302114,0.09711088597773125,0.5295345869375132,0.041419338399967476
N2,0.2123153007469207,0.3695262236206125,0.06387290661993879,0.1197103034836975,0.2345752655288305
R,0.0303997697809787,0.050549046804908716,0.11472857834347566,0.7909459098564467,0.013376695214190335
R,0.10944293548567513,0.27841762505447526,0.03820459162853712,0.5192512708722391,0.054683576959073436
W,6.595169098855392e-05,0.012784373993449082,0.0369088566333737,0.02392781964589102,0.9263129980362977
N3,7.995396301919005e-281,0.1529917495477156,0.48067069886804037,4.776418626827868e-24,0.3663375515842441
