Stage,N1,N2,N3,R,W
W,0.002626378060979944,0.0008452205235932133,9.257080365551088e-05,1.203247549055142e-05,0.9964237981362808
W,0.006735267523176601,0.04214023533110446,0.0003006590672606694,0.00017949491712633957,0.950644343161332
N1,1.0,1.4199884619444972e-29,8.409307922546103e-31,2.026861113536818e-31,6.767822444362542e-29
W,0.012244129970904476,0.04432503530076358,0.011029222031614647,0.006980005124859897,0.9254216075718573
W,0.05231632598150453,0.2948076292310942,0.10252965238574721,0.02032226037802676,0.5300241320236272
N2,0.16901092894497807,0.37971069661276696,0.07588710637177844,0.031102351051729656,0.34428891701874687
W,0.09184619157539443,0.14853949071088823,0.011585092998889757,0.014347288703027995,0.7336819360117995
N2,0.057571730481338644,0.5848773923933529,2.16934074117868e-19,0.05708008191660571,0.30047079520870285
N2,0.14438217868613532,0.6522908440744886,0.0016636269766680135,0.07605830354545953,0.12560504671724843
N2,0.09357152339652389,0.6736560078405235,0.008951013749988829,0.030668329501450327,0.19315312551151365
W,0.15577005116253453,0.04996430659982471,1.9069089638254923e-16,0.0031853539372140634,0.7910802883004265
W,0.01507256186434252,0.10490402469237095,0.10628590028136727,0.05299290643779035,0.720744606724129
W,0.10049720254341893,0.05315291712386953,0.0002006024120529332,0.23341314730608217,0.6127361306145764
R,0.18290763592625142,0.09133022582978993,0.00039795011490684803,0.4770928170366954,0.24827137109235636
R,0.08129300630232483,0.17996554739271511,0.0004067404618271504,0.6006101563687967,0.1377245494743363
R,0.0539052947302153,0.18861668010069954,0.0005223973060189988,0.5972376348440667,0.15971799301899947
R,0.02156744549569251,0.2358256553152908,0.0009973659059537498,0.5067925321439251,0.23481700113913795
N2,0.013616279680657444,0.4641107439222475,0.0017849695781581062,0.43311553721638574,0.08737246960255124
R,0.01077103609767435,0.307976306467244,0.0020291498467854413,0.547220961439225,0.13200254614907114
R,0.010766269329211592,0.09105793913701035,0.0008677838027594278,0.8327262633751434,0.06458174435587516
N2,0.004552360328953477,0.5521022950725851,0.0044328696425775796,0.4123046359925116,0.026607838963372214
N2,0.008892637336449969,0.4991598326094913,0.006604193012795026,0.2531582690671525,0.23218506797411131
N2,0.007364679987098732,0.6980289660310971,0.0024713795862073484,0.1322577827432272,0.15987719165236958
N2,0.007167487404042679,0.8773848107312886,0.010966194892541229,0.019488040588986594,0.084993466383141
N2,0.00906140882308519,0.923822442945422,0.013100685448306972,0.016919327514156045,0.03709613526902971
N2,0.006536561164978216,0.9395457602661944,0.006071625316952741,0.0279595764026661,0.019886476849208516
N2,0.00794662215503057,0.8465666247878527,0.00682751428736703,0.10245428016498416,0.03620495860476552
N2,0.0036260209884749657,0.953413315845864,0.0019189097765071733,0.025523677388570358,0.015518076000583535
N2,0.005983644186745773,0.9262337853534811,0.009252254693679025,0.03436224759371562,0.024168068172378352
N2,0.05172149051334346,0.6312362550694937,0.05911555298869515,0.0583294394043087,0.19959726202415895
N2,0.2128661874617179,0.6336351663236978,0.0008699915668861579,0.07353045285047699,0.0790982017972213
N2,0.18621204867554816,0.6321138367048561,0.0021603323509899242,0.12644175814193892,0.05307202412666693
N2,0.20117464194583196,0.6376599300349589,0.0026398113110965844,0.12617599106651176,0.03234962564160075
N2,0.23411486800339656,0.6034331257512301,0.001301005556121556,0.14286215722520287,0.018288843464048816
N2,0.04887831903175016,0.896790543305438,0.0011599798225582017,0.0406530403832961,0.012518117456957589
N2,0.02416548784162753,0.9258309166236633,0.0038102903367230228,0.023260260948531064,0.022933044249455043
N2,0.1047717762006615,0.6454060587145528,0.0011268697818069317,0.18201910467430427,0.06667619062867444
N2,0.022455033096990238,0.8902242610942162,0.003013851488372495,0.04265520991354347,0.0416516444068778
W,0.022601071675601197,0.09706362295044363,0.007117844460868583,0.08156370655758158,0.791653754355505
W,0.0056131321850588535,0.011596740775329187,0.0015095097071186345,0.03308812986082292,0.9481924874716703
W,0.012964222686392812,0.08170876600058483,0.018621971901183754,0.013881123852003205,0.8728239155598355
N1,0.46118786891752056,0.10846675844386063,0.00021029867198588492,0.018679776811492448,0.4114552971551407
N2,0.3041693022407568,0.41518714553246205,0.0023389469101834214,0.06222812626471374,0.21607647905188399
N2,0.20054272286815927,0.5548893475443666,0.013065994822774814,0.03298006998835005,0.19852186477634914
N2,0.09294625439985033,0.8623755096682687,0.01206272316004201,0.006170344698678468,0.026445168073160538
N2,0.14682899000690947,0.7835298765345108,0.009291453222921076,0.028394495413734618,0.03195518482192406
N2,0.005159933195409031,0.9711382619962775,0.008119349937578896,0.0009746694341877204,0.014607785436546866
N2,0.036621235614451575,0.8533569999269518,0.01142300695804313,0.023921714723019967,0.07467704277753354
N2,0.0251275100523895,0.9287020713648303,0.006082990415118854,0.014644997861565789,0.02544243030609566
N2,0.025240519463425547,0.9370339725579026,0.007928270987619774,0.0034820305428864503,0.02631520644816552
N2,0.036706244817910745,0.9323495314096304,0.010390194653623133,0.003425124700125169,0.017128904418710515
N2,0.14596667654179393,0.7755246911707092,0.001355714093952575,0.029744936888775955,0.04740798130476829
N2,0.05327435872092505,0.8687588764865362,0.0016090553166257704,0.03943288773614826,0.03692482173976471
N2,0.07039781056035894,0.7552865691191353,0.0006425494687578691,0.13777786893557661,0.03589520191617135
N2,0.012768665473131453,0.9457664828300701,0.006263847155780403,0.024047803983881982,0.011153200557135807
N2,0.016346285071163605,0.9633184185318672,0.0036522899003834544,0.006966947394532024,0.009716059102053861
N2,0.017310698581203047,0.9372520885748512,0.009500157895669088,0.011718814303830481,0.024218240644446106
N2,0.03453095270232838,0.9219139862937112,0.005335182369283379,0.016603272441569065,0.021616606193107627
N2,0.017020390232605848,0.9606146633896546,0.004628719845881929,0.006574401823499334,0.011161824708358054
N2,0.010864737933130211,0.9678675930637685,0.008160851873936163,0.005575053874499794,0.007531763254665215
N2,0.013273247482434428,0.9231813368524541,0.025878597011972242,0.0013360499236539417,0.036330768729485076
W,0.014923923863849164,0.07341520866923647,0.017578779766555874,0.01043081130342402,0.8836512763969345
W,0.0006862858920612143,0.011715284308492007,0.007991688503842015,0.0012920459716104522,0.9783146953239942
W,0.08568611237266113,0.0746048207074697,0.0049615889744649274,0.005121020186037019,0.8296264577593672
N2,0.27135270997732513,0.43705879726550584,0.0033253847092369593,0.016061030042909534,0.2722020780050226
W,0.2582565829918959,0.25796750064400015,0.0019479708905543193,0.07515542120289555,0.406672524270654
N2,0.06268389891202293,0.6577144260040948,0.018753111869294414,0.006029092884072148,0.25481947033051566
N2,0.2506685023310592,0.6750776688290178,0.0028991407511126206,0.011679069728956744,0.05967561835985355
N2,0.10354603374562352,0.7880665302235756,0.005398605465921488,0.015205118383377566,0.0877837121815019
N2,0.01393822622493823,0.9532666561921636,0.015504300227979079,0.003351667786267222,0.013939149568651634
N2,0.08196357156650848,0.838978658867622,0.004240270985954298,0.023418483744617753,0.051399014835297234
N2,0.01669761923628464,0.9237597826689355,0.010793911955461909,0.006355358212615071,0.04239332792670306
N2,0.03153943516631304,0.9278946869113385,0.003640774982205802,0.008950452166859803,0.027974650773282574
N2,0.02093537703189581,0.9402831269084322,0.010176518901357881,0.013756748962663348,0.01484822819565095
N2,0.03648967275418589,0.9321170054177919,0.002048375646409508,0.014093668593538448,0.015251277588074342
N2,0.017216061434707598,0.9495008042394241,0.010906962588738599,0.0025936140731651347,0.01978255766396467
N2,0.022249708428369642,0.9404670733831904,0.006148752677353041,0.007051028288791006,0.024083437222295993
N2,0.0556054454593777,0.8935155377422932,0.0010424217792009435,0.01512483172938737,0.03471176328974084
N2,0.012846143893108257,0.9756869574367129,0.0017625003073858446,0.004060694416701065,0.005643703946091901
N2,0.06970740859405504,0.8109675275958566,0.0013635627306734662,0.03229324960118239,0.08566825147823263
N2,0.2160037340747208,0.5093048130404872,0.0006755029392559945,0.02257620423457498,0.251439745710961
N1,0.4536262641645023,0.22782477093838874,0.0004427024244900951,0.18911217225237534,0.12899409022024355
N2,0.10881794347576886,0.8283421598979839,0.0009439198504327486,0.0311156653414121,0.03078031143440247
N2,0.0840258744018989,0.7680885564065113,0.0025197559071638118,0.037379335851717314,0.10798647743270873
N2,0.025518475680423154,0.8781591162923532,0.0487121787412668,0.02424725324863791,0.023362976037318788
N2,0.12255193234299236,0.7554632415054333,0.008760467418349446,0.02922214661657319,0.0840022121166517
N2,0.12040833409899311,0.8030831824021475,0.004697934805020714,0.03144733301764789,0.04036321567619069
N2,0.054017515573642046,0.7714130933894077,0.0021829563498228207,0.011163487690360817,0.16122294699676673
W,0.004741443529608093,0.03827452359384384,0.01847036755161189,0.19557258763156674,0.7429410776933694
W,0.12029389326311,0.1492515991638702,0.005856423942916418,0.005784335929445484,0.718813747700658
N1,0.4663014677378334,0.2533913641156883,0.0016575855619988104,0.023676429699120826,0.2549731528853586
W,0.06448523816630379,0.2878719273105516,0.004823560914354166,0.027386914155865458,0.615432359452925
N2,0.10553868050685705,0.8185996913919087,0.0033035865361709356,0.005370303455367491,0.0671877381096959
N2,0.048139689771675126,0.8957104816776774,0.0042438409002533315,0.001819739223537129,0.050086248426856946
N2,0.003807500429113669,0.8699165615995735,0.09913744952456362,0.0003824065165435229,0.02675608193020561
N2,0.006240763287630813,0.9672400373883875,0.004015156475832888,0.0004057251751444522,0.02209831767300404
N2,0.0036835657404507343,0.9765604465589196,0.003901943435013481,0.0051043612967132095,0.010749682968903012
N2,0.010315219411967528,0.9264313516370443,0.005485051161719266,0.02148227814034223,0.03628609964892665
N2,0.006839332824855691,0.9611343464028419,0.007344265129980739,0.0033845984267528786,0.021297457215568995
N2,0.023244242633732596,0.9184359760819352,0.0057281053560307525,0.015440002074105393,0.03715167385419624
N2,0.015368126561104213,0.9109105719774577,0.01610621499890675,0.012770677269277551,0.04484440919325361
N2,0.013851218924815278,0.93915591927412,0.0029699456115659557,0.008008133818082023,0.03601478237141684
N2,0.0047706741187323815,0.9671235241771635,0.010462912332500638,0.0032574307174129172,0.014385458654190462
N2,0.003899430812191735,0.7446452771329898,0.20838426614291572,0.0003563392502001467,0.04271468666170268
N2,0.04781986534747766,0.8000945106632957,0.006770810446029271,0.00045635809466418163,0.14485845544853307
W,0.027052073653513767,0.30635296185129296,0.1830508050709491,0.0010352444054615216,0.4825089150187825
N2,0.39417948544338394,0.5174540865410462,0.004421237548216403,0.0006817423938622702,0.0832634480734912
W,0.14651919722358175,0.264201766119944,0.001134720715195692,0.0014362023704716648,0.5867081135708068
N2,0.2492621931378057,0.3837796143864566,0.0012928758578106064,0.0070510593030466565,0.3586142573148804
W,0.18363073714923872,0.2798094002984598,0.0022425728666308387,0.0016449065625165605,0.5326723831231541
W,0.1449759220508788,0.12212316232029245,0.0033668010470531604,0.0017937389502343717,0.7277403756315413
W,0.03375720602409768,0.07376689141830943,0.0034997239301274535,0.0072597988335635,0.8817163797939018
N1,0.473690949337984,0.06763621852367087,0.001356706623940935,0.2398391305083166,0.2174769950060877
W,0.1580227804728825,0.01253634143178934,0.0004398440891666888,0.10198465276833765,0.7270163812378236
W,0.24479022932629368,0.05014302704713486,0.001706907706458567,0.28263945930659157,0.4207203766135213
W,0.29256525707547565,0.12361407354583592,0.0008831106258909849,0.07381514477113951,0.5091224139816579
W,0.03906307955017551,0.06059202845716242,0.005687584313649068,0.05534432267559193,0.839312985003421
W,0.0021979828025702353,0.003457493471651447,0.013842034718916261,0.023050757967699363,0.9574517310391626
W,0.058499294769184966,0.04132945988001313,0.000719143498778592,0.012722789219855604,0.8867293126321677
W,0.2559368156878348,0.18046425123172122,0.002661328949906092,0.01753360998886881,0.5434039941416691
W,0.2218589288228164,0.04639785604202153,0.0002167358790188988,0.02315564227131277,0.7083708369848305
W,0.09911797401809491,0.16518108418026117,0.0012732578171497397,0.05482444265764457,0.6796032413268496
W,0.22110638903149019,0.06900028566525279,0.0012995092872373146,0.05521933118985099,0.6533744848261688
N1,0.40032252938974755,0.07455029121469996,0.001209499840649447,0.13169914171875863,0.39221853783614447
W,0.3232303377067485,0.03495816608493509,0.0015319295673757816,0.18832908318764022,0.45195048345330036
N1,0.45250342438838353,0.12817537021571027,0.0030337969985350073,0.10527615423120336,0.31101125416616787
N1,0.43268747980903327,0.07475892422318431,0.0006144217985427023,0.1071479331156462,0.3847912410535935
W,0.2830696833515257,0.2169390876566663,0.0012869144846857914,0.05510976579395013,0.44359454871317194
W,0.2623103137114527,0.046412622775699346,0.0006894960844608519,0.07532053436660188,0.6152670330617853
W,0.09410461577820281,0.04703988544378095,0.001956682827064771,0.038833625476036554,0.818065190474915
W,0.03588304356528002,0.03480989387885707,0.0026558603776204582,0.027266578666702283,0.8993846235115401
W,0.2666716481255152,0.06262267893249183,0.0008028802684177562,0.11554306869291539,0.5543597239806599
W,0.3522489875533225,0.060134114499056354,0.0010565008504505255,0.17051150396075204,0.41604889313641846
W,0.03372310431349903,0.02946226401044163,0.0031585098014135183,0.0804423490710346,0.8532137728036112
W,0.12235476559807551,0.07663144361592719,0.00026898750307875557,0.08092843299839342,0.7198163702845252
W,0.3313000109783217,0.08089795382871313,0.0004692800773617828,0.15281503981304423,0.43451771530255906
N1,0.3762244750346523,0.12306306117144752,0.00042042595024169847,0.25272348310401105,0.24756855473964742
N1,0.35388306590719504,0.20217346429704328,0.0014631562105721896,0.23251561810595764,0.2099646954792318
W,0.06278273126686412,0.26348748459666027,0.003671244486038429,0.20880620959482818,0.46125233005560895
R,0.009348678072361217,0.08702009530226086,0.009756142598331359,0.772659559371208,0.1212155246558386
W,0.3210144452748198,0.23744848273522673,0.0011438828474988321,0.023186129773168102,0.41720705936928637
W,0.2665577388498211,0.11980550377443178,0.0015406809722398212,0.018340179431675457,0.5937558969718318
W,0.3567741585312742,0.08311406214805511,0.00027180356565032236,0.031725437008376024,0.5281145387466444
N1,0.6243889585788309,0.06765374815527682,0.00013178959888117937,0.007007893681164703,0.3008176099858464
W,0.16326498183843682,0.05126520045487815,0.0002473284556825649,0.0036982026991371035,0.7815242865518653
W,0.06662891691803696,0.06744786811859159,0.0022072437345471534,0.00784060935267688,0.8558753618761474
W,0.06049417861850162,0.044212219116404695,0.0001500384533370894,0.008830937646379022,0.8863126261653775
W,0.02556734030045777,0.031361942094716086,0.001895856158282308,0.010916130662296,0.9302587307842479
W,0.037034884217428204,0.02079428978068587,0.0004839740146044015,0.004741760240765636,0.9369450917465157
W,0.14150094024542528,0.047302436115502715,0.0006837692942714004,0.03955862148547268,0.770954232859328
W,0.1770625614909312,0.1123224324441353,0.001794083287647057,0.13305181183953624,0.5757691109377502
W,0.017907731482572315,0.01628279970896173,6.545952986049924e-05,0.009548045643293583,0.9561959636353118
W,0.11080759812833038,0.11110161632732325,0.0006620266445315908,0.04801190132731432,0.7294168575725005
W,0.28475274560405694,0.2419045402973054,0.0014512171229292558,0.13555836501039656,0.3363331319653119
N1,0.5011811143002958,0.16017858900762097,0.0009074333794937956,0.04126336832623912,0.2964694949863504
W,0.24288684597584034,0.3392096954091829,0.0007610139386937149,0.05027297984701982,0.3668694648292632
W,0.24583608921396272,0.2227967020889546,0.00177244830151192,0.05020084004772453,0.4793939203478463
W,0.20940304260757525,0.3420829399405112,0.0016898663428429725,0.03524389520180822,0.4115802559072623
N2,0.3367558329585474,0.3511133787905657,0.0005165624566181249,0.11385619948280952,0.19775802631145933
R,0.0028050184542643512,0.035694822390255246,0.006241964014401433,0.6535470558658067,0.30171113927527227
N2,0.12039129811953975,0.5230200415302809,0.031349733063096366,0.08088288038431819,0.24435604690276472
W,0.07553829461143731,0.12662360731183775,0.0007096616426467916,0.013144304987359004,0.7839841314467192
N1,0.4676171016329594,0.3843994525363553,0.0009138566661597559,0.0584357408265757,0.08863384833794996
N1,0.41843348765738947,0.1072370480515955,0.0011429610248153133,0.24864163963247315,0.22454486363372667
W,0.07623305962159699,0.3846836973705932,0.011932943403717243,0.021391067482238194,0.5057592321218544
N2,0.26439174892192885,0.5325520342673724,0.0016192977352450426,0.05149376885270228,0.14994315022275134
N1,0.441383540304607,0.22506462552047563,0.021874142084369916,0.018358043915476376,0.2933196481750711
W,0.18757043400173593,0.2660740446824086,0.007752219006932537,0.019727234448250117,0.5188760678606729
N1,0.37428035192162573,0.3367560701472017,0.016510489941830155,0.02558233531688363,0.24687075267245884
