Stage,N1,N2,N3,R,W
W,0.057562391382650104,0.03114630320947485,0.0001379980861591489,0.007507449791364997,0.9036458575303509
W,0.008548024027168217,0.007643655934999692,0.00020783101240548572,0.0021013117812072276,0.9814991772442194
R,0.011552094897275392,0.02394703039492738,0.006471373630386078,0.7219194475895585,0.23611005348785258
W,0.082626918308924,0.011863400877641485,0.0004942239357772814,0.001009948386661909,0.9040055084909953
W,0.003204525966988243,0.01739833590311406,0.06910662029271146,0.19447099725979544,0.7158195205773908
W,0.0515461163325309,0.031723827759274015,0.0037579894212123746,0.0013795511210986473,0.911592515365884
W,0.01369103026203616,0.016586108950396267,0.000714660304136415,0.005182166131134865,0.9638260343522963
W,0.04710274760228246,0.03291205487331555,0.004677646286772404,0.005849887153654147,0.9094576640839755
W,0.007891292020727633,0.004953878704769025,0.0022700901916289993,0.015428722156062304,0.9694560169268119
W,0.03618130792804157,0.030277582044455163,8.410870205049185e-05,0.013944185679830398,0.9195128156456224
W,0.01642122118732771,0.0246281547046649,0.0044953867276613674,0.005601200025255653,0.9488540373550904
W,0.018445142171595028,0.017889258215186107,0.0010963127717105701,0.007418720359503334,0.9551505664820049
W,0.01570688435792067,0.02161127658366052,0.0028040444411623656,0.013651416077849983,0.9462263785394065
W,0.05124257085950441,0.05596658887868302,0.0007747538235227416,0.03896517366752581,0.853050912770764
W,0.0036320392935781007,0.0033557493712636564,0.004487498575250583,0.23879499649073685,0.7497297162691707
W,0.0577941998642162,0.008368772702259334,0.00014962318205480633,0.029817373711077746,0.9038700305403919
W,0.04105834857622335,0.007423709514228109,0.0002596099160182419,0.003275337680928839,0.9479829943126015
R,0.002419524938275833,0.0011837110555617267,0.011738761243848221,0.8267658341752284,0.1578921685870859
W,0.040892703549100184,0.01475847477955227,0.0013000424470568897,0.02754279193769005,0.9155059872866005
W,0.028557245410416827,0.006449506703129009,0.0010052386403484475,0.031694891761003235,0.9322931174851024
W,0.04806320207429508,0.005172659096559536,0.0011408905919837234,0.009933212362766189,0.9356900358743955
W,0.020622300337574197,0.00594548213528228,0.0028259879607467823,0.005715815648053171,0.9648904139183436
W,0.016320546127929124,0.010119080667450795,0.0032671425605229876,0.0021191868102695354,0.9681740438338275
W,0.010357872596165826,0.005509044905608355,0.0009852400412348299,0.001298821374819306,0.9818490210821716
W,0.02286893004985196,0.006766750457551657,0.0009338865092574415,0.004460240373385425,0.9649701926099535
W,0.05310786068611045,0.023760729127524742,0.0007861745404508056,0.021567552882365282,0.9007776827635486
W,0.21763413920870045,0.07004697206179461,0.0033951954128659976,0.12221802769081112,0.5867056656258277
W,0.23844801191344372,0.05382297132035592,0.002414786252542654,0.13315464639105637,0.5721595841226014
W,0.16166916890673624,0.05202699356891229,0.0013686286977901577,0.171804443852181,0.6131307649743803
R,0.27041604550287945,0.07287355776541682,0.0025855244075553225,0.555941109109889,0.09818376321425937
R,0.27436685226613133,0.05955762839696842,0.0015510538311917206,0.3811818413216483,0.28334262418406025
R,0.20292272889426624,0.03922533954262763,0.0006531484996974486,0.7163864569208533,0.04081232614255529
R,0.209163041929075,0.05235355455484067,0.0025320334196847717,0.6685648470914428,0.06738652300495682
R,0.2391429193843347,0.10466018879294503,0.002203707088467811,0.6055153002279209,0.04847788450633139
R,0.3126163811201499,0.1335332108777154,0.009050181953470517,0.4869008869073364,0.05789933914132783
R,0.3171258158459141,0.05792584057844649,0.00578465084909358,0.5650474052638504,0.05411628746269548
R,0.09096773858055585,0.020191553188292705,0.0017295906203950088,0.8762844895620616,0.010826628048694798
R,0.08916812648156479,0.0730556001318746,0.005261763638035058,0.8131962613493849,0.019318248399140564
R,0.13808708302380096,0.2517377467203022,0.004578591061125948,0.5841405484643283,0.0214560307304427
R,0.10657919080159152,0.21743040541893813,0.0034275348471281813,0.6444092175581192,0.028153651374222974
N2,0.19651918862377352,0.4283386811362209,0.027437003619658548,0.3103511590950504,0.03735396752529656
N2,0.17316596666635534,0.40235178787101855,0.014574364506338014,0.3719526528510786,0.03795522810520939
N2,0.2120220380761148,0.38742819861292194,0.009580179860708084,0.3344933742148547,0.056476209235400664
R,0.25387764437600385,0.3045207199007736,0.005751502177208561,0.3702087334995166,0.0656414000464975
N2,0.1331609606037706,0.48296139345033706,0.02269499398508089,0.3216948010363612,0.0394878509244502
R,0.13640927001177425,0.23140209250977964,0.009404633273752426,0.45725244999294834,0.1655315542117453
N2,0.062006568702252435,0.7919293578511657,0.016988583321255732,0.07952836426916371,0.049547125856162326
N2,0.05287628973868821,0.7936952365352893,0.026382231472956943,0.08963224410162188,0.037413998151443674
N2,0.14864913416172423,0.6272267558209118,0.012600096652548144,0.1239020238142389,0.08762198955057683
N2,0.16153553661544168,0.6933458448922668,0.005241161986008544,0.10976119329939903,0.030116263206883875
N2,0.07829388811658115,0.7925192629800695,0.04392963129541157,0.05310921504622867,0.03214800256170933
R,0.19540543077866723,0.36883561782786595,0.013871258685417142,0.37030989661400393,0.05157779609404581
N2,0.06622275348883526,0.8180500874182192,0.024231408423981932,0.0574519414280073,0.03404380924095631
N2,0.11203444544190233,0.8095850412766961,0.005881221211148923,0.045763240603784644,0.026736051466468087
N2,0.051664926353491875,0.8949688976188774,0.024083097843984914,0.014320971880580296,0.014962106303065721
N2,0.07844909243403442,0.7897463770135411,0.00547342263965198,0.0993328402706298,0.026998267642142634
N2,0.037023784008030726,0.8929114342960989,0.021520294612323354,0.03139299882689139,0.017151488256655724
N2,0.05161346169056571,0.8672738452244944,0.007477214947395923,0.02793588320622822,0.0456995949313157
N2,0.006676676308769947,0.8354174681574585,0.12025608700422388,0.025486810947728082,0.01216295758181955
N2,0.06647103147559874,0.816688545847686,0.03826169636613333,0.04105491457286976,0.037523811737712236
N2,0.07182539001925221,0.7600905574143025,0.0522689006442176,0.09700167665860669,0.018813475263620844
N2,0.09492123273177056,0.5414829053019826,0.027748365971766126,0.2617314457062806,0.07411605028820015
N2,0.025029216157162134,0.6612377124498279,0.09741299553192376,0.03639615465150582,0.17992392120958037
R,0.009764066185788673,0.04928830977507506,0.013482810118702778,0.8382199892705631,0.08924482464987042
R,0.007336060042121627,0.056460167402456934,0.0077045662671527725,0.7659814846673061,0.16251772162096245
N1,0.395065392705145,0.228990149511253,0.005293956695306163,0.019509743255686374,0.3511407578326095
N2,0.39577261887763393,0.4886465479365254,0.017196244855330674,0.01252866575538996,0.08585592257512
N2,0.25034664133386825,0.6360067385356251,0.013066912980786431,0.031045139357421373,0.06953456779229883
N2,0.11945996621305072,0.8205896888849719,0.0025015386079500607,0.027314530897689062,0.03013427539633834
N2,0.029584550547068763,0.9415887515749182,0.001309289719911208,0.008133823897847904,0.019383584260254043
N2,0.04899102460204645,0.8549792786376458,0.0040689849754570896,0.03333418420034506,0.05862652758450574
N2,0.020679308725246676,0.9307047231533914,0.015025058168678515,0.017757242760504135,0.015833667192179227
N2,0.011737240837289687,0.8730894628865806,0.012269074231492837,0.07296326886605911,0.02994095317857786
N2,0.020673408458204864,0.8949401264875075,0.01699501279907651,0.0451965888347964,0.02219486342041461
N2,0.0072265911222533724,0.8505087207388407,0.07705629826184804,0.03439839394808871,0.030809995928969085
N2,0.0037758793435928757,0.7551897935897549,0.22120721006677602,0.012226472382971115,0.007600644616905081
N2,0.0031600858477665644,0.7486213293817011,0.12051911645773274,0.008558610881360389,0.11914085743143926
N2,0.004116547236711199,0.6157126047333192,0.1632212240530562,0.00469068572511464,0.21225893825179865
N3,0.0009825846504200942,0.34127676140950386,0.5721803136658229,0.0007452221694084977,0.0848151181048445
N2,0.0024312244865128904,0.521509668858799,0.32571957828791964,0.0010449309267267681,0.1492945974400416
N2,0.0013423402128833746,0.5684595372485389,0.35932849923684324,0.00046972888555498816,0.07039989441617957
N2,0.0015182637678616585,0.5768305144758388,0.33114603365119777,0.000641555608256409,0.08986363249684547
N3,0.0006486141983014594,0.213187303650561,0.7835061525225478,0.0002878924395611244,0.002370037189028482
N3,0.00032675494171168146,0.18939658879588125,0.8076816465599225,0.0002434583788188972,0.002351551323665762
N3,0.0010256937691078712,0.22620058020131575,0.7695407570015614,0.00020610696607223318,0.0030268620619425743
N3,0.00017839718108172227,0.1011512996383504,0.8970448119885996,5.2173170443926636e-05,0.0015733180215242004
N3,0.0015011341159287778,0.4141347719813038,0.5783829182869387,0.00038555453041501326,0.005595621085413689
N3,0.00016023151506077115,0.06372083138211461,0.93526743782088,6.630006248678515e-05,0.0007851992194578929
N3,0.0005046108812043509,0.2116887468759222,0.7843802561377992,0.0003259419666294119,0.0031004441384447565
N3,7.881603409171343e-05,0.06319767351179607,0.9358112051192472,8.150607461363787e-05,0.0008307992602514435
N3,9.560693273063019e-05,0.07487618506281556,0.9238315897671918,9.786439054342592e-05,0.001098753846718599
N3,6.420732453580603e-05,0.06297542225544177,0.9361416218485966,5.7745457682595636e-05,0.0007610031137433911
N3,0.00040683166031934393,0.1616772997462025,0.8351630131511505,9.398325419770895e-05,0.002658872188129778
N3,7.289904130663486e-05,0.051798045227473916,0.947532808841074,2.7493136942054517e-05,0.0005687537532032459
N3,8.641523042790699e-05,0.04724343651889196,0.9518512582285682,2.036498009981084e-05,0.0007985250420122467
N3,6.731277182525126e-05,0.056325186718055906,0.9429595754131493,3.304424843898412e-05,0.0006148808485306054
N2,0.02430146696013666,0.7372255884880726,0.10493066814507993,0.0030934352350589023,0.1304488411716519
N2,0.09544741912203486,0.8009616310594654,0.08315371662446484,0.0025930299352945893,0.017844203258740244
W,0.11132102677652436,0.17201348346934564,0.016972981040973514,0.00444452660997489,0.6952479821031816
N2,0.38611388504740785,0.5155715808696246,0.017400036113413887,0.020406534999697284,0.06050796296985644
N2,0.14057435941396718,0.6526345052665558,0.0075426876683943695,0.04777414892475497,0.15147429872632787
N2,0.16326116784505443,0.7375198207646515,0.006531293863538639,0.03681472636118426,0.05587299116557112
N2,0.08269190025840353,0.7972317232200786,0.010079411960012202,0.06317415712874103,0.046822807432764534
N2,0.08621806693698286,0.7456809327143404,0.0073093635362458794,0.06544106770262999,0.09535056910980083
N2,0.030428592396531833,0.9046658968190636,0.014411906305504159,0.030986655558073558,0.01950694892082692
N2,0.07446339968869184,0.7791348597469555,0.009372912954159063,0.08451817247722558,0.05251065513296797
N2,0.06946558189385305,0.8337849397523933,0.0021476503298420505,0.0768349007195709,0.017766927304340718
N2,0.050548620281477184,0.8573649420450902,0.020383110511270872,0.058728083192896456,0.01297524396926536
N2,0.01916424477464039,0.9116545827713569,0.0072174032146860145,0.041148665327412196,0.020815103911904383
N2,0.04763584578790502,0.8212140005050407,0.0053666834217639394,0.09732714178569672,0.028456328499593776
N2,0.015971038648866502,0.9089284536644938,0.014029697515744588,0.035365854606822775,0.0257049555640721
N2,0.038447407144297,0.7040111280139829,0.011759693338869157,0.21359177660786452,0.03218999489498644
N2,0.032729006078627394,0.7907849373092695,0.02096122222607457,0.12927430186691552,0.026250532519113096
N2,0.03803240839473632,0.8821149895565135,0.0027978397352847887,0.058763684735960435,0.018291077577504943
N2,0.03514362638522617,0.8301232812633463,0.00834775433348178,0.09326134074392763,0.033123997274018
N2,0.02708424161430088,0.8746603681361442,0.0093841394037408,0.065901982961866,0.022969267883948114
N2,0.025363800849382594,0.8453551482183189,0.010287656950998687,0.084396426496287,0.034596967485012696
N2,0.03364810063978823,0.8963739930993095,0.00488578771989381,0.03921035686669525,0.025881761674313004
N2,0.025679652455278063,0.8790980851932058,0.026793785253304992,0.041561375134037334,0.02686710196417378
N2,0.02546455923808657,0.9034358370193842,0.010650490904286434,0.0400217414655965,0.020427371372646382
N2,0.0347142621028493,0.7913949935776612,0.00786674517299316,0.08130688528871587,0.08471711385778048
N2,0.09684851713518455,0.6166423671957936,0.008976963838947258,0.19602361401458496,0.08150853781548947
N2,0.08180034747971375,0.6718160091087607,0.015102488263964447,0.14238991926101452,0.0888912358865465
N2,0.18539414127364576,0.44668585022837626,0.00541477949564305,0.20648487450746073,0.15602035449487414
N2,0.030918259862006307,0.7147426094681677,0.004717948061400588,0.08348467513546455,0.16613650747296105
W,0.007192650144535876,0.06264239189001224,0.001532114521411405,0.0061301200266793395,0.9225027234173612
N2,0.1522379256418376,0.4851238695098366,0.0036132381175878214,0.1190257389686411,0.23999922776209684
N1,0.3585443107060835,0.30538139863629427,0.0027189471895827182,0.10322968307466,0.23012566039337956
N1,0.3987239373413944,0.3644026074301717,0.002650028956561615,0.02759856287184558,0.20662486340002667
N2,0.0709602936829274,0.7594613361499598,0.009096083968476248,0.03663310501640371,0.12384918118223286
N2,0.0757454280703947,0.8521894107539751,0.003983159328531831,0.04417662948876477,0.023905372358333475
N2,0.06515017986122179,0.9004450052988454,0.0007688024634648952,0.021231442403118254,0.012404569973349648
N2,0.05083458833140158,0.9222843377036467,0.002103259313365669,0.012823478977740362,0.01195433567384574
N2,0.00812401043995488,0.9787600598170463,0.00541427338326899,0.002091948135689457,0.005609708224040309
N2,0.017586435181960593,0.9503965258773053,0.015995469345352262,0.006462322240330593,0.009559247355051356
N2,0.0055656392339642905,0.8576079318758423,0.12419644249522284,0.003076176582774406,0.009553809812196211
N2,0.013052755229993725,0.8546799939439456,0.11147074479228664,0.006001670559717313,0.014794835474056677
N2,0.012372524756590503,0.6193942142166068,0.34024903891259595,0.0036923259927808304,0.0242918961214258
N2,0.006443704200725333,0.5707704081345882,0.40152325689502294,0.0037629835610643193,0.017499647208599096
N2,0.006190261988908873,0.677434004161496,0.29708969969944676,0.0033553708896915573,0.01593066326045703
N2,0.04451258727799368,0.5922929360460476,0.10222060539353976,0.006318726240270241,0.2546551450421487
W,0.054306464568520146,0.06833067324747369,0.003452344585113714,0.00296100452119734,0.8709495130776952
N1,0.46332632115097044,0.20110783629871626,0.008539817836823303,0.028212727623209376,0.2988132970902806
N2,0.40415954265821874,0.43466863158165475,0.0009056620150194004,0.044134245534570925,0.11613191821053638
N2,0.28985803781541164,0.5049084325042651,0.001476253638618832,0.06927396932014725,0.13448330672155712
N2,0.11200709673615578,0.638454154709954,0.0005725630378501352,0.18011116612902747,0.06885501938701268
N2,0.12324795659015349,0.7746128286519981,0.0009336192820123369,0.05984161440750126,0.04136398106833476
N2,0.04725090107966108,0.9028655146957657,0.0012518404521379065,0.024804995037651555,0.02382674873478388
N2,0.01786348952435791,0.9513873263551166,0.0007254786621269667,0.009833466707543686,0.02019023875085486
N2,0.014289336536100738,0.9664588399619846,0.0014142529648819302,0.0031089021381873736,0.01472866839884531
N2,0.011151035721630238,0.9706645163413463,0.003232435887735247,0.004116424823329403,0.010835587225959127
N2,0.012413328036362099,0.9598558541992915,0.005276015228415905,0.005502263436685574,0.016952539099244893
N2,0.010588115921046347,0.9344589024165385,0.012588726711888898,0.010803110298691103,0.03156114465183513
N2,0.005860453324898437,0.9477935644914025,0.02119936736604049,0.006492187366490501,0.01865442745116812
N2,0.0040895288611097185,0.9639559494572725,0.006162820561504967,0.013130612952305103,0.012661088167807753
N2,0.0034078030743668534,0.8150720756918883,0.14136048213141378,0.013566877907767028,0.02659276119456405
N2,0.004618356631593981,0.8512781682956398,0.11548354963044442,0.0058404198990654075,0.02277950554325637
N3,0.0003924796150510204,0.24876284534755375,0.7456457393996295,0.0007535000440329404,0.004445435593732693
N3,0.0005519135006516217,0.2040908343214356,0.7887301983101848,0.0002638179194930324,0.006363235948234968
N3,0.00161326413110805,0.277252178006229,0.7085536689142511,0.0006752946790716245,0.011905594269340156
N3,0.0007915290301160157,0.25892151631718,0.7296141081340114,0.00060345804966468,0.010069388469027843
N3,0.00017452391284708392,0.10745411759115354,0.888349051872935,0.00010456112527424239,0.00391774549779023
N3,0.0006742163956820541,0.27431740589592174,0.7165657035666004,0.00026478934100417035,0.008177884800791456
N3,0.00022824914185553025,0.13659641043851906,0.8563527088337048,9.938618945054552e-05,0.006723245396470202
N3,0.0003840868160922651,0.12206082853863807,0.8709066238112897,0.00016519123414776118,0.006483269599832206
N3,0.0004167090300015149,0.0887935036905356,0.9051537283982838,0.00016274867787750206,0.0054733102033015695
N3,0.00151751722897895,0.3089256333674687,0.6362765501068509,0.01230927514873158,0.04097102414796996
N2,0.03558105343891287,0.8429436432006533,0.03556406528016363,0.004096951523133166,0.08181428655713718
N2,0.052912855105340426,0.9079680036273423,0.015743645546242725,0.0031587703466799608,0.020216725374394777
N2,0.13390053455965253,0.5034943980512707,0.14981876884818407,0.010323693670411187,0.20246260487048154
N2,0.2178330560429048,0.6428884836580404,0.008104965873057035,0.05270011980056814,0.07847337462542968
N2,0.09558772302250548,0.763998216854752,0.005055822147315198,0.05010541646431913,0.08525282151110804
N2,0.14114874799136298,0.7776220102687007,0.003047992303098418,0.026984532833399428,0.05119671660343851
N2,0.10406239350635908,0.8292999393315897,0.005198331690109642,0.013267513890191485,0.048171821581749895
N2,0.014030235671719649,0.9589570724776136,0.0023819396534603536,0.0028987751384967494,0.021731977058709658
N2,0.027414053411569946,0.9189555469517403,0.008537735177604066,0.005356604932493079,0.03973605952659256
N2,0.032276717044979975,0.927769827024832,0.004823529164668925,0.003603128563952778,0.03152679820156626
N2,0.014284571470412519,0.9587467163108377,0.008767295672663747,0.005379296380014493,0.01282212016607142
N2,0.006919399658722609,0.9575899122013162,0.012088197590979947,0.004664579795626341,0.018737910753354885
W,0.030832844177481798,0.31282212978059465,0.018266778281194537,0.006669096264300846,0.6314091514964281
W,0.0168542116643251,0.01142467205968521,0.0002344397433922905,0.034983139015840645,0.9365035375167567
W,0.0266329523113312,0.032642906011645705,0.0014127103658976865,0.003796854123119998,0.9355145771880055
W,0.07767915670864557,0.018664580569290767,3.815665634828864e-05,0.004676598258741021,0.8989415078069742
W,0.06543983797743771,0.011834431291993578,1.6572946699441364e-05,0.002197520452083924,0.9205116373317852
W,0.24595175255469465,0.026633159226335742,0.00012749861950919796,0.01189353638467048,0.71539405321479
N2,0.22749305843124565,0.3546249362582234,0.0016694173415329853,0.06280663104671474,0.35340595692228327
W,0.18839615907008114,0.2819525047537827,0.0006827147221383846,0.0444681889380779,0.48450043251591984
N2,0.22072077304390675,0.3549059184228849,0.0011084326739959152,0.17488217533444475,0.24838270052476777
N2,0.10319217240343712,0.7233320830891037,0.0015863365066570282,0.09564689318915928,0.07624251481164304
N2,0.13357017799474402,0.6084266365968305,0.0004740219979263152,0.08789290768927663,0.1696362557212225
N2,0.23934619807056504,0.353678970298121,0.001057295815121097,0.12052342614913124,0.28539410966706164
N2,0.0442123652732511,0.8912251838259516,0.00041153060059355033,0.009058416818276866,0.05509250348192711
N2,0.3918514720796555,0.40849139179072175,0.00045473941408670623,0.07591447070558792,0.12328792600994815
N2,0.10083656231507099,0.8436473826130412,0.0005301576563777153,0.01981804424107658,0.03516785317443347
N2,0.054320319407208044,0.905249162067637,0.0016902450452917941,0.009109038328087158,0.029631235151775934
N2,0.03284128648547839,0.8987517345985859,0.002920954855142263,0.04490801984102693,0.02057800421976659
N2,0.007935628420355157,0.9660762908665118,0.003412099072335583,0.007796117417094909,0.014779864223702898
N2,0.007965801708833773,0.9624391005175403,0.006140401513380551,0.0114230663630702,0.01203162989717516
N2,0.008462753702185523,0.9649200720231025,0.006884413028146465,0.011334732994120253,0.008398028252445275
N2,0.018335469743945933,0.9414253385034034,0.0012579030317524627,0.010649481729579748,0.02833180699131834
N2,0.011935348936244343,0.8290638507878325,0.10432599896876568,0.016239225731852228,0.038435575575305005
N2,0.006937730984630695,0.9335059639886543,0.03183374577797304,0.008115915962705996,0.019606643286036236
N2,0.0033255317179532386,0.8505952812047305,0.11463865012259575,0.0026738669261011194,0.02876667002861957
N2,0.002318298233385196,0.8589469300530338,0.12238940079430835,0.0023537429757198858,0.013991627943552704
N2,0.00866033583109205,0.8614096891656249,0.07465258605483947,0.0024358785540267995,0.052841510394416855
N2,0.0020209784904078594,0.6314508730179607,0.3465759239920706,0.0010446184173607315,0.018907606082200143
N3,0.0014643479879046745,0.11775529871717941,0.8485794214404643,0.012504848686432372,0.01969608316801911
N3,0.0019560484235345457,0.24647281260820544,0.7373617178078651,0.00023876514093362373,0.013970656019461385
N3,0.003201808893570563,0.4497509679630369,0.5273887377638474,0.00038138257932963633,0.01927710280021548
N3,0.001208262489534476,0.1689210247109087,0.8246498814912342,0.00015863332508117697,0.005062197983241329
N3,0.001041994902233736,0.20332777746579958,0.7883462014395926,0.00012216871874241067,0.007161857473631707
N3,0.0003667238072740991,0.15651730194644656,0.8366662089761913,5.7945286164162565e-05,0.006391819983923937
N3,0.0006093976068429665,0.22655170734867874,0.7642440851063004,8.834863561503473e-05,0.00850646130256297
N3,0.0006324076930885687,0.16648067432406607,0.8195275768851172,0.00014600301572482156,0.013213338082003324
N3,0.0004976433753838278,0.1253001998515698,0.8656195395119005,0.0001389112597952483,0.008443706001350752
N3,0.0003763835873565261,0.05456154313379233,0.9414437345378732,5.743094891053064e-05,0.0035609077920673617
N3,0.00021142580058691697,0.06287521385055801,0.9341519830857564,6.551322066729843e-05,0.0026958640424313645
N3,0.0007298945719140009,0.06250158445199852,0.9315991587793424,6.401439856027769e-05,0.00510534779818468
N3,0.0005833328920049508,0.08949060876626652,0.8994829713429714,0.00010169155884339898,0.010341395439913557
N3,0.0016694910315682185,0.12865223187823183,0.8244035725614498,0.0012130014826969722,0.04406170304605313
N3,0.0018043821462028974,0.08978079119855535,0.870033518859905,0.017561932168085548,0.0208193756272512
N3,0.0004499901149798807,0.06172308025049323,0.9217482816851917,0.0008425748213944215,0.01523607312794085
N3,0.0034435777543653846,0.1544934993481553,0.7948068638836056,0.0018039283650167575,0.045452130648856844
N3,7.494964950252677e-06,0.03976552040511562,0.9379790577069048,0.000879190528610867,0.021368736394418542
N3,0.00048792493348203693,0.09756184098607235,0.8870394791914018,9.417832946595031e-05,0.014816576559577894
N3,0.0008129393327276277,0.10266781290063201,0.8832645909392289,0.00020776314442560458,0.01304689368298579
N3,0.0005880058923242666,0.04740006928728365,0.9380201682744759,0.0011445116600186831,0.012847244885897538
N3,0.0005263165088618646,0.09329248307891624,0.9011423528133479,0.00010104664115271465,0.004937800957721242
N3,0.0006410868987403748,0.038194159888138506,0.9500360634215722,0.002456953881022526,0.008671735910526326
N3,0.00017894317552090644,0.026900718830683408,0.9691951994301239,0.00017685219523580375,0.0035482863684358555
N3,0.008883390245604864,0.07501642397288484,0.8872673177769677,0.0016932486669405569,0.027139619337602127
N3,0.0008542496096444672,0.07056950330914515,0.9135680564964892,0.0006849212506852935,0.014323269334035877
N3,0.0014283551283496051,0.062274754562611126,0.9296629708488807,0.0004750434580806522,0.0061588760020780476
N3,0.0007985365318645308,0.046704370813076226,0.9427071880454461,0.0011290913655063002,0.008660813244107066
N3,0.00024591745501213925,0.05085277623132324,0.9382974881181672,0.00019784113651889922,0.01040597705897847
N3,0.0012585881513438668,0.08866640071335756,0.890045488155773,0.007648300377811192,0.012381222601714353
N3,0.0002532469601072916,0.053308060353448254,0.9385562264203304,0.0002897249762119759,0.007592741289901949
N3,0.0001712669471058182,0.042253000514385394,0.9401654662425789,0.0025475895167247757,0.01486267677920506
N3,0.00024095605669208466,0.06439877628578722,0.9255015906777339,0.00012860373963245622,0.009730073240154324
N3,0.0002205016293804107,0.03965701726735929,0.9487216095260588,0.0009046155824389454,0.010496255994762584
N3,0.00021867819199903072,0.03840645776912217,0.9479891351308626,0.0014174122385444458,0.01196831666947172
N3,0.0002174654112498987,0.05301362578035848,0.9322250183940238,0.0016937556146108083,0.012850134799756996
N3,0.0003270118821542372,0.08187531027643992,0.9079338370929678,0.00036340825443180577,0.009500432494006226
N3,0.00018913772961844517,0.04883915691863704,0.9452464831755927,0.0001597832293210962,0.005565438946830504
N3,0.0004794112696056534,0.11978142720387831,0.8669595533885261,0.0007322448264609521,0.012047363311528865
N3,0.0009227836019461583,0.09482136308974183,0.8688106128768136,0.02651327822580467,0.008931962205693826
N3,0.0007873725397401324,0.0892925705266886,0.8897182587033683,0.001960380696191973,0.018241417534010904
N3,0.00036089224373113903,0.049442805447143454,0.9249172452047606,0.01678048693331754,0.008498570171047213
N3,0.0011155086847899538,0.0838348755961875,0.8981104627243409,0.0009908858876142793,0.015948267107067274
N3,0.0015465088508772203,0.11491088278631904,0.8479870901331267,0.019273298484009903,0.01628221974566707
N3,0.0007451181947601731,0.09335373275835787,0.8974897343605719,0.0006489911983050125,0.007762423488005028
N3,0.0011669641315053703,0.10515421543481662,0.8619088731498461,0.02075127177740009,0.011018675506431798
N3,0.0017077353740069215,0.23331912779093952,0.7471090917660664,0.0013634475170918032,0.016500597551895525
N3,0.0028470692053206505,0.21491287861804748,0.719701800236217,0.030408935323199555,0.0321293166172151
N3,0.0022433817530315694,0.2060106187069919,0.7565711891486925,0.0014230538503237776,0.033751756540960076
N3,0.001323104943857214,0.10297684537226356,0.8804654534802002,0.0012328530969406433,0.014001743106738256
N3,0.0016820409840260443,0.14349641065493862,0.8366576579106552,0.0014356309394862354,0.016728259510893826
N3,0.001491821770803251,0.09418333036737306,0.8794809420788493,0.012161872588200513,0.012682033194773784
N3,0.00088462392311664,0.15031323682356829,0.8394584145475485,0.0022704288391925003,0.007073295866574213
N3,0.001215555710275205,0.22046752589315904,0.7628327833803397,0.001739435496840904,0.013744699519385107
N3,0.0008437560091620552,0.1787204271964437,0.7802215057258824,0.029000269151800873,0.0112140419167108
N3,0.0009956688858404022,0.0943718907820282,0.8967008212235708,0.0018348778341433225,0.0060967412744171055
N3,0.001450601923285646,0.1449661336270051,0.841677771968256,0.0019134366808974473,0.009992055800555748
N3,0.0021335899325206032,0.29984149344883976,0.657770311656098,0.021288600981589023,0.018966003980952773
N3,0.002562539099375972,0.22260268815987186,0.6916287054931279,0.045802302904990995,0.03740376434263315
N3,0.0023170693591874187,0.24855384105175865,0.7245070765302506,0.004723837429233089,0.019898175629570383
N3,0.0062818147953618425,0.4355949682280335,0.4675809966686181,0.01407042627995132,0.07647179402803526
N3,0.0031896989532997555,0.24339683999217276,0.7202895929553299,0.013723530782035118,0.019400337317162467
N2,0.007340048243551572,0.551968555422083,0.39335603676187125,0.026824645945510275,0.02051071362698397
N3,0.0016595758597668993,0.3301178075373928,0.6520340663913203,0.00421945674404567,0.011969093467474217
N2,0.020725033494627683,0.5497472454173385,0.30110502497222086,0.007433678829172841,0.12098901728664012
W,0.014086258999220164,0.03860872712890579,0.0019825244903114224,0.0009780657741718423,0.9443444236073908
W,0.008097036964499784,0.008937979846026138,6.18365743379445e-05,0.0008611652383136149,0.9820419813768225
W,0.009425055908793525,0.002568958690244451,1.5845105339470882e-05,0.0005071946400683687,0.9874829456555542
W,0.38518104661205244,0.1075932322053541,0.001193652860119512,0.016014871392725293,0.4900171969297489
W,0.09844235916800113,0.035519364672783715,0.00020118455821218354,0.00862532343438659,0.8572117681666164
W,0.1990445234349791,0.04041570567322837,0.0022234119683016695,0.022270881826601224,0.7360454770968896
W,0.01598632749292706,0.05600931687266668,0.00036894127714664614,0.009301135443826582,0.9183342789134331
W,0.037489354606852016,0.052870418070793006,0.00014010538812114358,0.024200929352679017,0.8852991925815549
W,0.2365140598300871,0.20205791835531248,0.005029501792612749,0.08851611605781233,0.46788240396417535
N1,0.4836458734701572,0.15643913680334903,0.0008169581105212356,0.09846771763093987,0.26063031398503245
N2,0.09032000285960491,0.76049057792248,0.0013246438383398226,0.018380931226639738,0.12948384415293576
N2,0.2683713342308662,0.553263312445047,0.0006896365563251858,0.022232024659938683,0.15544369210782297
N2,0.37107953753538836,0.4383406905754734,0.0011434177287496195,0.05687022147614541,0.13256613268424325
N2,0.25656974711065467,0.5702039594167067,0.0010951064083956242,0.04319395066203065,0.12893723640221247
N2,0.29034383170742123,0.46486920044303753,0.003477242839334602,0.06260107591450942,0.17870864909569717
N2,0.21712060069612,0.5817377789220438,0.0011635764801852138,0.062316055947855185,0.1376619879537958
N2,0.1395216070369518,0.5866093753028593,0.003206606148641489,0.1174879171117616,0.15317449439978575
N2,0.11841944210906039,0.7069381813765874,0.0005253405893955909,0.022489614993398493,0.1516274209315581
N2,0.1460420344429063,0.6418100496723597,0.0012955317400525355,0.08877451382389938,0.12207787032078204
N2,0.13512939708210017,0.7540871657175138,0.0011511899815554536,0.02773189252152099,0.08190035469730973
W,0.017383144912299597,0.043529497392899866,0.00023300282514866,0.009081685325137622,0.9297726695445142
W,0.08976517243727396,0.394762964989535,0.0008644180812258033,0.08798881764840165,0.4266186268435635
W,0.2324444145180175,0.3005289836988313,0.0007900131285715775,0.13322481688317395,0.3330117717714056
N2,0.21461519090028067,0.37334236790517245,0.002354105598745506,0.11286735060231287,0.29682098499348847
R,0.10452801117035028,0.26133975777351137,0.0033553729307707236,0.42854601748676796,0.20223084063859967
N1,0.31252930057316547,0.2988007597773453,0.009867435229356828,0.17178026389050652,0.20702224052962592
N2,0.1813461630372434,0.3746852741716739,0.012709086847556993,0.1310050475901563,0.30025442835336924
W,0.21096933141522745,0.13316385502586348,0.012041051556273908,0.08042697984521392,0.5633987821574212
N2,0.2523900812768752,0.35474723702399746,0.0017049051109519601,0.09302978448060586,0.29812799210756963
W,0.20298498009397545,0.09285918910019827,0.005094649342528429,0.2543868181805808,0.4446743632827171
N1,0.3856843644065321,0.1489000769894367,0.007801408412157401,0.08944283153117287,0.36817131866070096
W,0.18150363340698253,0.010486333367712613,0.0008233356649128111,0.018379635426222538,0.7888070621341695
W,0.23375911143778064,0.02065217679972222,0.0024978380948322606,0.04013309051145229,0.7029577831562126
W,0.3990378077564951,0.03056562223461486,0.00034050621812002803,0.06862609579254436,0.5014299679982257
W,0.2687030682076915,0.01250717363559987,0.00024235479718037018,0.05707261801010797,0.6614747853494202
W,0.23727194169054514,0.03391367709970843,0.00036946221914925927,0.1373172721140492,0.591127646876548
W,0.1321928644178048,0.017944114681732886,0.0005676332978018041,0.03508083836435959,0.8142145492383008
W,0.2220416813227457,0.0363305232220702,0.001258493427676439,0.09900900580087997,0.6413602962266277
W,0.13319299195450393,0.007686544282993211,0.000617856684312715,0.017212590547020217,0.8412900165311699
W,0.14925151214032192,0.028183981530983275,0.00041061661179780923,0.024524519204906666,0.7976293705119903
W,0.3338109052130535,0.09919789655874217,0.0003733354190448274,0.07962556169685678,0.48699230111230274
W,0.2828548374314648,0.038713389560024514,0.00026517628345483247,0.2911867673678542,0.3869798293572016
W,0.20102177188120074,0.029069944619435815,0.0002697818265618611,0.11369686887603664,0.655941632796765
W,0.12127811555452851,0.027436598822240747,0.0008901031899755897,0.11310268464725386,0.7372924977860013
W,0.05035614025369092,0.039700177311502355,0.0018509766996336286,0.05466440972276079,0.8534282960124122
W,0.09959856972510861,0.006523123366132117,4.46522469838583e-05,0.02408022416285716,0.8697534304989182
W,0.20511094919336387,0.01300031280145907,0.0002891052904788015,0.07175880775745577,0.7098408249572424
W,0.06874433074226007,0.0034624867622528983,0.00015197194309342558,0.006366527570327584,0.921274682982066
W,0.31627644478621414,0.013392499519580433,0.00012733097184061093,0.04138500598494003,0.6288187187374248
N1,0.49461080866683554,0.0867929460395638,0.0003096411910717993,0.06660818523934835,0.3516784188631805
W,0.24071841892289814,0.05821449918248698,0.0003942612598564201,0.08808253319192724,0.6125902874428312
W,0.23604495012352736,0.09995863877566098,0.0005402753762096363,0.20976300407631113,0.45369313164829084
W,0.1783508814420879,0.1177731953738316,0.00032625547353073693,0.20875301406713853,0.4947966536434111
W,0.025269663604504028,0.01940875736536725,0.0006707572231075518,0.033771611401677,0.9208792104053443
W,0.021956433496292307,0.004371641404941751,0.0001092457885843283,0.027507059796803766,0.9460556195133778
W,0.05252084999145524,0.0030479064316178348,4.9180184399769603e-05,0.041323190910882275,0.9030588724816448
W,0.3689773380659019,0.036162590948181104,0.00042515102323355253,0.12724298469372636,0.4671919352689571
W,0.14302146910043714,0.01634257147786556,5.943432488831453e-05,0.01720130302955254,0.8233752220672564
W,0.19540299293202196,0.03232322357478,0.00013807191513185793,0.05784077820347414,0.714294933374592
W,0.36010479012661556,0.08339672740096891,9.690704813659063e-05,0.0633812341203799,0.4930203413038989
N1,0.4967951650027262,0.15992797269408005,0.0001991358003875114,0.09873831622974072,0.24433941027306563
W,0.18511648255432592,0.060841740146298576,6.03743187003178e-05,0.07101680803911431,0.6829645949415609
W,0.20611371609416076,0.049735246473684866,8.320325447002766e-05,0.09451572782876162,0.6495521063489227
W,0.09883996765699253,0.023028665373357345,0.00012585241116252742,0.07591672786533551,0.8020887866931521
N1,0.3729613029374115,0.2498182599021385,0.0017560528426303409,0.10071241524033879,0.27475196907748095
W,0.23521363071175388,0.014677253527943784,0.0001236970420477038,0.06501005492753982,0.6849753637907148
W,0.15175885582252457,0.013124388715601376,3.764878934408764e-05,0.08395649967088045,0.7511226070016495
W,0.3170664122810031,0.08538952973357629,8.980430960509506e-05,0.09701906867358494,0.5004351850022306
W,0.11972414599271018,0.024142793094272162,6.12904605689565e-05,0.05211503394449762,0.8039567365079512
W,0.27182734312114565,0.03219504220012802,0.0002450968831390595,0.11160869696961881,0.5841238208259684
W,0.23136408707704495,0.02501312709835019,0.00011347346861228837,0.14548945354093318,0.5980198588150595
W,0.28828488839197125,0.024411032162034985,0.00011296800686018078,0.09207330430661664,0.5951178071325168
W,0.22395832864168658,0.10207719390185277,0.0003283688996381382,0.2755262886494951,0.3981098199073274
W,0.10423682031209029,0.01781432901204347,0.0001498579266299168,0.10610682218096835,0.771692170568268
W,0.2136877485534767,0.05687747979018586,0.00021734560745168932,0.18428145436143117,0.5449359716874547
W,0.04184318003606333,0.006864466693034104,1.407888469426381e-05,0.0319839801254734,0.919294294260735
W,0.23420894970084272,0.03207802134089961,0.00012345784771881783,0.11338619094439391,0.6202033801661451
W,0.2575877280692575,0.04725621531631166,0.00012510373804806794,0.1076181162026932,0.5874128366736896
W,0.047423405585785686,0.02431952552592347,4.578837849952454e-50,0.04656933034519598,0.8816877385430949
W,0.1873074933507052,0.1309263746671715,0.00043054489492921005,0.1307944195433075,0.5505411675438866
W,0.14107927724455588,0.021582785866588686,6.213202531180339e-05,0.04938030577872627,0.7878954990848173
W,0.1576415052267563,0.020332621533673104,0.00039634012626314514,0.11859673678316658,0.7030327963301408
W,0.3278151912734115,0.050759811508953236,0.00024275452402723778,0.2266580837439465,0.39452415894966153
W,0.3129896573141069,0.13071117066864268,0.00019494121604503098,0.21394186964693876,0.3421623611542666
N1,0.3447030900603536,0.11537462045639563,0.0002039723022082483,0.25150566571592753,0.28821265146511504
R,0.262573921062104,0.06496369152296563,0.00036603227069142085,0.42902337588848743,0.24307297925575158
W,0.2333894123326215,0.017531614745796818,0.00021255016987580173,0.27297543661772067,0.47589098613398534
W,0.1915084667694734,0.00880217284111155,3.6997627343989296e-05,0.222009364817918,0.5776429979441531
R,0.28944347906237117,0.03517717155743404,0.0005638008344965354,0.38887902960172654,0.2859365189439717
W,0.27288667248412585,0.03626936111253764,0.0004528822911099889,0.18301315092780338,0.5073779331844231
W,0.09936258613573958,0.005649925981740401,5.486062632459762e-05,0.09171047479186518,0.8032221524643303
W,0.23645173864289593,0.04554260723000314,8.898104216330027e-05,0.3083708122581317,0.409545860826806
R,0.3275636050579781,0.0507985235756107,0.00023563302203179147,0.33520267633936834,0.28619956200501095
R,0.37727975726824503,0.06335950904756263,0.000387127107008559,0.42494668814958214,0.13402691842760162
R,0.2919166414846532,0.08261424753572007,0.0001480872451267006,0.45049143797457786,0.17482958575992222
R,0.28266999313141256,0.03100257986264993,0.00013696069484453064,0.35179747935552397,0.33439298695556896
R,0.33605467361959723,0.1693054235709269,0.0005863172657368809,0.35899601494854355,0.13505757059519533
W,0.21663123533059314,0.05302871843738292,0.00012688440991759882,0.1287306978986465,0.6014824639234599
N1,0.376924884830263,0.2304902151383688,0.00025797241026217295,0.2535039173582817,0.1388230102628243
W,0.2448863274449223,0.15597374941123082,0.00020678140290539396,0.244782456732721,0.3541506850082205
W,0.1443476979281284,0.12788366033318355,0.00025674297653261114,0.15311748416358387,0.5743944145985715
N1,0.32731805323379376,0.1301253673770632,0.000238378663770722,0.32367450658140484,0.21864369414396748
W,0.06834120936166896,0.060846746766808915,0.0003435770514080269,0.027930492926312975,0.8425379738938013
W,0.12586765770190886,0.20249162409484436,0.0005285349749673913,0.09786590843972218,0.5732462747885573
N1,0.3868275632230577,0.1290443760059952,0.00030199449881396174,0.2642463880536604,0.21957967821847266
W,0.24746161891359705,0.23986196419437736,0.0005099295658375246,0.1058241945181164,0.40634229280807177
N2,0.14023784562709407,0.564715203665844,0.0018760625316216633,0.17565561159177195,0.11751527658366837
N2,0.07426791722318445,0.8301073246476189,0.0050783576523295145,0.04021686046673519,0.050329540010131894
N2,0.07715690675830972,0.8552099082420639,0.004776068617628225,0.030054706337003186,0.032802410044994686
N2,0.06271152754826029,0.7459130946322714,0.002541889975882157,0.15961232111629295,0.029221166727293364
N2,0.031860085551089344,0.8507940084567573,0.0007616025481054119,0.09000429033168332,0.026580013112364555
N2,0.02661296887610041,0.8552807499230168,0.0009650501346646517,0.10297196244481385,0.014169268621404238
