Stage,N1,N2,N3,R,W
W,0.037316345831199665,0.005076125009613086,0.0007367997494062523,0.029312726647396828,0.9275580027623842
W,0.012653184615844932,0.00505182546625253,0.0017949411851647173,0.04104687200637562,0.9394531767263623
R,0.22026533968619239,0.01943055036316465,0.005392249048057301,0.44416288416088906,0.31074897674169655
W,1.7804841359034725e-09,0.017200388887944357,0.009104008998032785,0.20990467015508604,0.7637909301784527
W,0.00025157045790414744,0.0014816277787207755,0.009313985054649303,0.004723437143016878,0.9842293795657089
W,2.2619037787467804e-07,2.755955021503607e-07,3.6704144885507303e-07,6.626837367771449e-08,0.9999990649042974
W,0.008514323040847056,0.04609264137410493,0.32764004010891423,0.16055384233899075,0.45719915313714315
N3,0.0028767350536230032,0.037006837135151044,0.7003361406527069,0.005028368122238854,0.25475191903628014
W,0.1312731687264961,0.1235455990040536,8.335692054042428e-05,0.02674655854951709,0.7183513167993928
W,0.07235765892843514,0.0471749170567043,0.003428586260199069,0.00423366886207121,0.8728051688925902
W,0.005097575753566676,0.0326845241661927,0.10213261780046873,0.16241528762911422,0.6976699946506577
W,0.03774420415037353,0.1418915721939246,0.010696366024026575,0.015721049596079915,0.7939468080355954
W,0.02153610754795886,0.04438461248436397,0.0029736735549693756,0.018003220416975593,0.9131023859957321
W,0.07756251782295705,0.1148664991631263,0.002981395480958543,0.04082534386447256,0.7637642436684856
W,0.010542675473930698,0.05263638069924974,0.05072438799151024,0.015527993566835544,0.8705685622684739
W,0.0633753300763691,0.018252941404099512,0.0023563698390188814,0.06524630712017906,0.8507690515603334
N1,0.4743229712069507,0.20036654853849656,0.007863735589486769,0.17916839583390018,0.1382783488311658
N2,0.2991150714863149,0.3751475935536947,0.010133006929512675,0.1496114803929367,0.16599284763754105
R,0.15191258525942375,0.07337176853808416,0.0036673190075917693,0.7118402346836058,0.05920809251129457
R,0.09434899295443956,0.20937507986352613,0.023390222727593293,0.6445031384340044,0.028382566020436505
R,0.12903092925236906,0.23825879198935052,0.0223402446704783,0.5889986997686075,0.02137133431919453
R,0.10689816320377557,0.15943035081171655,0.012165423740861828,0.6971352094410689,0.02437085280257731
R,0.07751974849913687,0.40530636290266703,0.010111058536781434,0.48487403623269393,0.022188793828720733
R,0.0938167091538085,0.15109455047280185,0.006787582062673823,0.7183592122676373,0.029941946043078614
R,0.08974454495285691,0.31938065029927865,0.03248154864970497,0.5400783987800823,0.01831485731807724
N2,0.29430036008499155,0.3642688711161924,0.036172245045054015,0.2659339135800151,0.03932461017374691
N2,0.17450653247779108,0.5141507848301954,0.025266443290025167,0.25506079273817867,0.031015446663809787
N2,0.09362271127097294,0.8116483847598116,0.034677692300601116,0.0395178021923939,0.020533409476220274
N2,0.16703030845210773,0.6906855314332285,0.01306399676311928,0.09421420896430972,0.035005954387234875
N2,0.11254935578591957,0.7545143681147762,0.02595293254839087,0.061666328494889754,0.045317015056023605
N2,0.04848423803494925,0.8785204986245118,0.023608201360541547,0.021982057517340736,0.027405004462656757
N2,0.04584776271776172,0.8653178169912602,0.006729234386098121,0.03473506246738227,0.04737012343749773
N2,0.06591160332082537,0.8371325085962682,0.040727718715220525,0.03446652989587803,0.021761639471807703
N2,0.0980407121950167,0.7010698540433644,0.012137008646707767,0.07969306588194339,0.10905935923296786
N2,0.0477653228709848,0.8748232703331755,0.023032524049729122,0.0262197740296546,0.028159108716456018
N2,0.0607237209127033,0.8639356083101813,0.03411573179767144,0.020282933598963607,0.02094200538048031
N2,0.055403811603357125,0.8768941662835349,0.03298540668544057,0.019194795124418233,0.01552182030324927
N2,0.03278447092298093,0.8671968513711003,0.06817057742547658,0.017391161582035883,0.014456938698406491
N2,0.03162294018434858,0.8539139976887411,0.072389734139698,0.025705429659123896,0.01636789832808841
N2,0.04197802035121108,0.8530231006448667,0.058242857538459765,0.030832933669390456,0.01592308779607176
N2,0.036287235668502886,0.8552715661306914,0.07263079205242554,0.021311491657995084,0.014498914490385048
N2,0.012244896852351328,0.7901264065024907,0.16604070532352191,0.01313893808937091,0.018449053232265172
N2,0.0511468851235487,0.7667348900034677,0.1469254628360373,0.01700190894909978,0.018190853087846483
N2,0.05883447668974304,0.8252660833915973,0.0964963728835344,0.008527847486264431,0.010875219548860686
N2,0.017137870632764337,0.8138110206040515,0.14461325053796292,0.01326641944027296,0.011171438784948095
N2,0.0035676709826368952,0.8915672197822451,0.08536301713965234,0.009929520602664246,0.009572571492801591
N2,0.00618486142537708,0.8739292431518267,0.09201274785361797,0.00474038260139994,0.023132764967778
N2,0.006321739814101055,0.7831078822639079,0.1988188470854399,0.004213132140981635,0.007538398695569541
N2,0.010102615999485334,0.8984446598564712,0.072136128691268,0.002451323113527863,0.01686527233924784
N2,0.004353286235486583,0.8016848006050464,0.18012662585144437,0.0037510613635813195,0.010084225944441376
N2,0.006556787577431595,0.8034348475980826,0.18326795636927506,0.000907033344189741,0.005833375111021131
N2,0.00505330362538617,0.6004479962476367,0.38375373720971145,0.0017153830616699222,0.009029579855595845
N2,0.011802156517567572,0.7004712229373279,0.2757475444688839,0.003183281051640161,0.008795795024580333
N2,0.002861637065780627,0.6856652779661185,0.3040904566834093,0.0014486205704172964,0.005934007714274353
N3,0.0023334746454211513,0.4213466498379423,0.5707534279355143,0.0005769002765779948,0.004989547304544308
N3,0.0024670074455334693,0.36430192301066855,0.6292172199077056,0.0006565450224192583,0.003357304613673169
N2,0.005879247788815504,0.5189703139674974,0.39478927585005164,0.0011208433194591077,0.07924031907417639
N3,0.0012564868902721089,0.39064380566736834,0.6037182474867598,0.0003356533481591181,0.004045806607440732
N2,0.0014536668524609184,0.5289950651387763,0.4655654853684817,0.0005277858376408538,0.003457996802640131
N2,0.0053293504488718365,0.6606031187405241,0.32085449266037,0.002296121939089275,0.010916916211144694
N3,0.003237724014086852,0.48423108566744283,0.503368546832524,0.0007727457022742773,0.008389897783672016
N3,0.0006926721854624699,0.3490285640197101,0.6399402855529028,0.0007340842326573007,0.009604394009267308
N3,0.0006368998804999653,0.35400298224924787,0.6368926628756224,0.000504433987668172,0.007963021006961767
N3,0.0007449886869344604,0.3044219085884645,0.689422573114227,0.0005533205693851517,0.004857209040988912
N3,0.0002682422578094689,0.15316896784904246,0.8440714810500105,0.00016650119661687732,0.0023248076465205722
N3,8.751447114865941e-05,0.07435115562123518,0.9244043363238094,8.132981814559146e-05,0.0010756637656611464
N3,0.0004948656762090624,0.19974213480985592,0.7965217981631396,0.00020678228139671775,0.0030344190693986453
N3,0.0004873847003025254,0.17354423729619448,0.8229418996409201,0.00016190000086904518,0.0028645783617137063
N3,0.0005721544041936824,0.09457259185869224,0.9032291386867508,6.97394814311882e-05,0.001556375568932029
N3,0.000264836804999681,0.14812215572391402,0.8492260015606193,0.00013420789706677146,0.0022527980134001884
N3,0.0006426367040279733,0.31287461232819397,0.6801910320564746,0.0004253817203745384,0.005866337190928859
N3,0.00018254760251548677,0.11905431829637289,0.8789531731326717,0.00012874311670887288,0.0016812178517307227
N3,0.00033127576664027125,0.08786380722933003,0.9105827729084598,0.00014924516362962035,0.0010728989319401644
N2,0.04233470429233138,0.7405750975708743,0.039013702996448206,0.0051511354859638,0.17292535965438233
N2,0.04363381689348833,0.3775071951314472,0.039078898615259094,0.17080343259953698,0.3689766567602683
W,0.29138011701388994,0.11101607933569725,0.027531990815314312,0.010376348194802192,0.5596954646402963
N2,0.08800292185865795,0.5895952306833242,0.23256063887011136,0.041395682030276354,0.048445526557630035
N2,0.054667130760181266,0.7918518978979996,0.06657754237982604,0.048884174974314215,0.038019253987678976
N2,0.04318906048610255,0.7719317007818554,0.10468733672644727,0.055673848341487815,0.02451805366410691
N2,0.014248200387493363,0.7941441986092324,0.1308106874103745,0.046835759487498574,0.013961154105401268
N2,0.015773642088153666,0.8177861840437028,0.10827642537343973,0.030179645226806457,0.027984103267897353
W,0.003146661205849055,0.030100224842101925,0.0019692770255587,0.0010967968190195305,0.9636870401074709
W,0.018294639446138124,0.05495213026378002,0.0006868994796156848,0.0045736749041935575,0.9214926559062727
W,0.01848818799656519,0.07262800235941451,0.00028060024855817463,0.004115129705415166,0.904488079690047
W,0.05642238604523507,0.1895109473451743,0.008405527084523703,0.011060096856750542,0.7346010426683163
W,0.028483495340584003,0.0602663683515448,0.0020232128298433624,0.020131236945780975,0.8890956865322469
W,0.02126195400703711,0.03378227461310057,0.00024437886926581196,0.006142440698448651,0.9385689518121477
W,0.0025288965007552694,0.02932840482582962,0.007853277287362407,0.007019605561509155,0.9532698158245435
W,0.222266465895477,0.24087053162389477,0.0012511419693041301,0.05165781094356424,0.48395404956776
W,0.061500816786634556,0.12525485133097697,0.0213007878304524,0.0372838592201734,0.7546596848317627
W,0.32917219165359274,0.16835507252147147,0.0007081206411321978,0.15611507599477764,0.345649539189026
N2,0.3235427403519971,0.3379564959100254,0.0004291280814185639,0.16525800110659916,0.1728136345499597
N2,0.30853351509720006,0.48469015771814306,0.00014661740454280733,0.09338102912289932,0.11324868065721484
N1,0.5135637156562037,0.29320620399723624,0.0003299921552216897,0.11021461536432509,0.08268547282701318
N2,0.17899649875500703,0.6361771099707003,0.00028551568068632867,0.08772057888395851,0.09682029670964769
N2,0.2191952361741805,0.49956475352566465,0.00022769439526102987,0.15051044541544545,0.1305018704894484
N2,0.13405285297908642,0.5647780346589053,0.0002063010213250338,0.19792046980243697,0.10304234153824625
N2,0.09612267513533611,0.7772457838233874,0.00030775172784783006,0.05053735512545277,0.07578643418797582
N2,0.10856663475690682,0.7781864759289204,0.0002185308830982347,0.07946993669812463,0.03355842173294986
N2,0.18681927929833939,0.7083743659666968,0.00040736999102466547,0.06916499041095281,0.03523399433298643
N2,0.0506117628388803,0.8887056267511121,0.0003806970274666753,0.04008738261322717,0.0202145307693138
N2,0.03706186931626297,0.903801365524058,0.0007892056610236318,0.029409096228075138,0.02893846327058019
N2,0.031229803269073514,0.894084818085085,0.0037924728144135785,0.017208792016068362,0.05368411381535932
N2,0.12908375185889698,0.7507827045876504,0.000530639186024116,0.04335292246115061,0.07624998190627781
N1,0.35425269479732646,0.35284690538087776,0.0005353923049481751,0.09600039739041732,0.19636461012643028
W,0.04891842405396678,0.3359481303214098,0.0019089596613286507,0.058048089026737186,0.5551763969365575
W,0.14069616013979347,0.09656483781067729,0.00031313857732722,0.07251685579262046,0.6899090076795815
W,0.058101512129875736,0.2793408418478339,0.009407108853187,0.04517372197922154,0.6079768151898818
N2,0.11732094432667838,0.47727338016677984,0.014944906297981076,0.03590577151323957,0.35455499769532106
N2,0.2576730012138321,0.5481850545870255,0.004490159800155596,0.0831121955265379,0.1065395888724489
N2,0.040772411934244586,0.82666457496634,0.02919538393864846,0.05130778311730028,0.05205984604346665
N2,0.0679485779167512,0.7216286014659652,0.0022929650659858814,0.07181710023224291,0.13631275531905482
N2,0.08098571721419554,0.7841983002999622,0.006544753747322309,0.08415750103071719,0.04411372770780276
N2,0.02914389755910082,0.8723970326357764,0.003694069137958543,0.06577813218856213,0.02898686847860215
N2,0.06184919225331006,0.880932429033557,0.005212579664320262,0.025375198976526937,0.026630600072285713
N2,0.04097549901016606,0.9075183804768453,0.008359379458999722,0.02612230920565935,0.01702443184832969
N2,0.03225503147976232,0.9189116219325556,0.022870401795440604,0.0062967194933536055,0.019666225298887816
N2,0.08020820755268109,0.8834099414135289,0.0036151521310105747,0.01535779181122762,0.017408907091551806
N2,0.07112212857514029,0.886744812803388,0.004288977030002085,0.017420518540048134,0.020423563051421505
N2,0.09762308965528366,0.8288370940052349,0.0034852468593895643,0.048021094543091815,0.022033474937000114
N2,0.04721949171610682,0.9060487623996895,0.003257650240447125,0.01628331222435978,0.02719078341939657
N2,0.03793929996202153,0.9198194711934554,0.006427238027660522,0.009685958492491535,0.026128032324370803
N2,0.04177106898501723,0.9394847650160186,0.0014604959361046936,0.006286748425213335,0.010996921637646125
N2,0.030290137127272663,0.939460662135265,0.015063417888071202,0.0024272613884821614,0.012758521460908997
N2,0.0371146957268932,0.9412456489107626,0.0010016408123376386,0.0066246763154661735,0.014013338234540259
N2,0.07215846801613662,0.8947409628078157,0.002525923935330317,0.00921526398254864,0.021359381258168917
N2,0.034614579290669245,0.9302806554327204,0.0085062756468166,0.0072092143297463026,0.019389275300047484
N2,0.06706084327569893,0.8817588309310261,0.0055093924449894595,0.017280513859846153,0.02839041948843921
N2,0.09948597473666106,0.861609031980763,0.0005719038132342762,0.019770373006955503,0.018562716462386143
N2,0.09232070163514919,0.849075116606121,0.0009098394054029779,0.019416171591713795,0.038278170761613
N2,0.11712001919228379,0.8488158448619081,0.0005333133750313257,0.015104277994642812,0.018426544576133932
N2,0.06126496057553649,0.8643343797796323,0.004223551854431542,0.0070881600955828745,0.06308894769481707
N2,0.018824215394337457,0.965037813838614,0.0029867822515487444,0.001635294316042665,0.01151589419945689
N2,0.014733110351457877,0.9614894502561233,0.01119764872327116,0.0014263665061504316,0.011153424162997328
N2,0.012123807733262479,0.9167195721034483,0.0383436693054199,0.003290530396137344,0.029522420461731848
N2,0.01668142541517268,0.9168646457098764,0.0357501091133876,0.003053448048016797,0.027650371713546583
N2,0.015896399585130852,0.8782030317534975,0.05959778079288135,0.002418240881166069,0.04388454698732427
N2,0.01025056990296474,0.9033908428308013,0.057487700326439135,0.000902406142624706,0.027968480797169997
N2,0.010597465507011327,0.8875903994986596,0.050416384956058574,0.00036743754790216014,0.05102831249036833
N2,0.01595480670617149,0.8414048185333268,0.12077054035351756,0.0004037969107946229,0.02146603749618946
N2,0.08360132914543594,0.8752996069843165,0.01209951242768527,0.0019425730737378587,0.027056978368824477
N2,0.02886169696242237,0.939638071892673,0.015205756768090004,0.0007183725506180094,0.015576101826196764
N2,0.14285365244347312,0.8301721307412708,0.006888004607881624,0.001433615165831177,0.018652597041543224
N2,0.18423533133282594,0.7889284310195799,0.002753945116131013,0.0027647140521928756,0.02131757847927032
N2,0.21264244979319574,0.6279986086104437,0.0032929094533700213,0.0077166068035591446,0.14834942533943138
N2,0.31770191242929186,0.5069202021157088,0.004306639128940581,0.027247595707907826,0.14382365061815092
N2,0.14255991814712124,0.7557011726454109,0.0005478040006720601,0.04458397287597827,0.056607132330817385
N2,0.10964360854455327,0.8216864425126447,0.0006609694041085778,0.040738513802040126,0.027270465736653513
N2,0.20075348714297464,0.5613552060002996,0.0012522553782207445,0.1581320865413914,0.07850696493711352
N2,0.05186675388648324,0.84651985933111,0.0031282305597691174,0.044031071521287365,0.054454084701350436
N2,0.15376753486375333,0.6689327860342112,0.0012183805082122562,0.12777896620704499,0.04830233238677813
N2,0.11204142533711861,0.7793286528742716,0.0006463515608826712,0.08809730072086491,0.01988626950686204
N2,0.052842162536496234,0.8383703220554789,0.001431947962230483,0.09031998812259422,0.017035579323200312
N2,0.08361550397777404,0.7622081564583422,0.004775871142741094,0.11849115007790144,0.03090931834324124
N2,0.06609468523250968,0.8486920584761559,0.0023430205391548674,0.045420105786345415,0.03745012996583426
N2,0.030892631222208505,0.9377034225469882,0.0026925052221215538,0.020920784571105595,0.007790656437575905
N2,0.11271075264856774,0.7647313826986054,0.010752822812177574,0.08458316563151558,0.027221876209133918
N2,0.030679500892085106,0.941811639316601,0.012933990344363462,0.005130734088895402,0.009444135358055149
N2,0.37485972684805713,0.4489733245450612,0.0011555419789704728,0.13104832865735028,0.04396307797056104
N2,0.08019252417322421,0.8507344269854152,0.0014172651294367324,0.013231015028407848,0.054424768683515874
N2,0.221885550122622,0.6992150749078967,0.0008808072433731849,0.0444811380220896,0.033537429704018545
N2,0.089923416603587,0.8700129850717583,0.0020429890627904684,0.0094153059318811,0.028605303329982925
N2,0.10596792534096744,0.8444024771190971,0.0005926567194081464,0.020534834677498254,0.02850210614302911
N2,0.03362589933960978,0.9450216708656687,0.0027876736311430233,0.007899806158468841,0.01066495000510948
N2,0.039007321166792744,0.938020231056295,0.010498107082629661,0.0019421593645281368,0.010532181329754397
N2,0.1611530755291492,0.7898031756838357,0.0022613493208771397,0.008331690853130269,0.038450708613007645
N2,0.0247119489672616,0.9388119985851373,0.015094340195469654,0.002749318157415521,0.018632394094715822
N2,0.018670560417456118,0.9355887056736263,0.020521981508212238,0.0029166026726945827,0.022302149728010725
N2,0.006301340975972167,0.8533670958348428,0.12038245303220323,0.00034566358027746785,0.01960344657670424
N2,0.032038200043870806,0.8790391121836478,0.0767489447673027,0.0019315076511413247,0.010242235354037047
N2,0.025086186930583353,0.9358378808425909,0.020970426852415937,0.001116666060461617,0.016988839313948186
N2,0.023317067314535814,0.8927216436321102,0.051105711441366115,0.0012072008251035934,0.031648376786884314
N2,0.00866662477793371,0.7246367649304423,0.25565331286445964,0.0004998269617293067,0.010543470465435138
N2,0.03471104846081799,0.8102114640397777,0.03962474545150012,0.0014018623036182105,0.11405087974428589
W,0.14375487299970116,0.31019470220987416,0.04258755789112713,0.004848133215767541,0.49861473368353
N2,0.27632503124246366,0.5621387417385081,0.011789323609293507,0.008224775184586879,0.1415221282251479
N2,0.2414431456563891,0.6931452326113459,0.008468605646210868,0.0060760633984042476,0.050866952687650055
N2,0.13867267889244833,0.7818081842537451,0.005723985291150105,0.008907290966199712,0.06488786059645679
N2,0.2819914146964823,0.6368393902399435,0.0033652600050004667,0.012154522232318835,0.06564941282625486
N2,0.05735888682695034,0.8986037591840459,0.002155676309111464,0.006169326039831942,0.035712351640060376
N2,0.23915359079533685,0.6603491254886593,0.000356771642256927,0.043301289059248564,0.05683922301449838
N2,0.12372287371342663,0.7956071356340416,0.0006944742129122425,0.04016484621980111,0.03981067021981826
N2,0.0397531763757367,0.9281426041107387,0.002137099857031524,0.013680295836080502,0.01628682382041261
N2,0.04412252838837223,0.9139249789410984,0.0012672119911524865,0.00953050090790426,0.031154779771472667
N2,0.028371812197061183,0.874491994650977,0.05048994220075348,0.006103164820061007,0.0405430861311474
N2,0.026461342276521405,0.8992958769534127,0.025321162256635377,0.004508847900280685,0.044412770613149695
N2,0.009758666943030923,0.7845034644646286,0.16649415472552176,0.001704648481659461,0.037539065385159276
N2,0.01961049730797976,0.9076619419035085,0.041589647136593216,0.002344499397021011,0.028793414254897735
N2,0.004374993194319139,0.7742561202493518,0.17064106142575286,0.0005932160835618565,0.05013460904701439
N2,0.0033045031010999807,0.7944096190325374,0.19418732472967498,0.0008080403552515623,0.007290512781436311
N2,0.002005259020838751,0.7395759374067675,0.25118154430841266,0.00034050929681660457,0.006896749967164384
N2,0.020688202987616554,0.9148355006037232,0.0593154283032787,0.0006702798510183339,0.0044905882543631774
N2,0.00762141228401231,0.9241264544547583,0.059070831416782904,0.00028389710273410824,0.008897404741712406
N2,0.07041662710510979,0.9068719513997089,0.005431333295192078,0.0026369267426403402,0.014643161457348878
N2,0.0717198255066945,0.9045743226108881,0.013176634427494517,0.0020661300958865845,0.008463087359036066
N2,0.033982350189304095,0.943098476622682,0.006602812723564791,0.0015452065154317456,0.014771153949017558
N2,0.1305213393926434,0.8135701319959461,0.001337782571870887,0.004841311562528244,0.049729434477011496
N2,0.06717744480488969,0.8770650888398593,0.0004694231502719703,0.03973970925452133,0.015548333950457714
N2,0.023059152519336094,0.9499971225703298,0.0030472839664551993,0.008218757213802736,0.015677683730076334
N2,0.04806798826304082,0.9357090918253574,0.003469284483309743,0.0052149523516661946,0.007538683076625972
N2,0.019899211366893342,0.9627124117031389,0.0019483234317628406,0.005799500019124487,0.009640553479080494
N2,0.009948417886776022,0.9671179353617688,0.010661349102066562,0.0018385514156684399,0.010433746233720247
N2,0.01606807525998677,0.9333221188930629,0.02417692929833392,0.0005387202528788664,0.02589415629573737
N2,0.021445155840553305,0.905754527592033,0.04524599547556948,0.003984416512851198,0.02356990457899317
N2,0.008337514960902582,0.9275611221591772,0.029142808753874837,0.0018432609973071852,0.03311529312873818
N2,0.0041331504477143234,0.8358811616768106,0.14647218979424098,0.0006461120617979377,0.012867386019436274
N2,0.003172723515658436,0.9365779990067197,0.052857077298311086,0.00033546480721086206,0.007056735372099941
N2,0.001900101703165533,0.7355774822567152,0.25611893250035656,0.0002736353626534549,0.006129848177109463
N2,0.001993717512615957,0.5848473442762924,0.40359003865343057,0.00019167009803064053,0.009377229459630404
N3,0.0008454929687625979,0.3489690791215937,0.6322098399943814,0.00020746750198320337,0.017768120413279062
N2,0.004107381498978766,0.5636798754712202,0.2701926557045648,0.0001514636872297366,0.1618686236380064
N2,0.007014478287650736,0.8584331354607095,0.10990103979660237,0.00022332472308106692,0.024428021731956132
N2,0.03154213523320632,0.9071225183493189,0.016381814432984573,0.000674434215578442,0.04427909776891185
W,0.03772921913476641,0.2798943551882533,0.09504735786933942,0.003209728519834986,0.5841193392878058
