Stage,N1,N2,N3,R,W
W,0.050736567960611545,0.0032555994615019552,0.000561289856120361,0.018903127893782783,0.9265434148279834
W,0.00679124713353669,0.014218303494038662,0.002716829536755437,0.005852453836875663,0.9704211659987936
W,0.004462082714240093,0.004691534045664743,0.0027983318517673613,0.022251557285759414,0.9657964941025684
W,3.963701938968358e-65,5.104138457470439e-13,9.035539119811234e-13,9.0872022218652e-12,0.9999999999894988
W,7.012857194726351e-15,5.108900803903275e-08,2.727764784098063e-07,4.0346309664604817e-07,0.9999992726714099
W,1.5231264199674884e-07,2.054599490453639e-07,4.5230553867009005e-08,2.224649571986169e-06,0.9999973723472831
W,1.2228835905597548e-08,5.797188755338029e-08,4.919909916567928e-08,9.237750337792206e-08,0.9999997882226741
W,0.05842582224459215,0.00856218909548837,0.002778338080819432,0.0012629134203616117,0.9289707371587385
W,0.084821567094473,0.017297554015224845,0.062306500562771316,0.00736161510431038,0.8282127632232203
W,0.04177793551756864,0.03306764673231826,0.1610170291193236,0.01821874257361177,0.7459186460571778
W,0.012167516716063873,0.015285012614741836,0.0027399249489753735,0.004342351010138647,0.9654651947100802
W,0.02488699031758005,0.014601270226506268,0.007957790068965421,0.015499423130497056,0.9370545262564511
W,0.006220405070813751,0.02163829495098905,0.031208293894120553,0.04270722335958123,0.8982257827244955
W,0.004076894276502562,0.014037704988242996,0.0022278391836238376,0.0013510411285523802,0.9783065204230782
W,0.009432899240775037,0.0020812485734242056,0.0038308890514408347,0.0014781984358283194,0.9831767646985317
W,0.000291326905364241,0.010025855834783035,0.0001273440150758477,0.00011887483625341944,0.9894365984085235
W,0.003870439950840945,0.02318990123831088,0.0007565834708648703,0.00037409220763061254,0.9718089831323526
W,0.0019952967265268926,0.021344772681122056,0.0018386101694848895,0.00011654926233920656,0.9747047711605269
W,0.0056560188562893516,0.0605187426698938,0.008685034407657331,0.0016215054913039106,0.9235186985748557
W,0.0030092471290661775,0.02275578722694962,0.001661191774766686,0.0015133720911735158,0.9710604017780441
W,0.000117748834534997,0.001701481992625704,0.0002954514238788763,0.00017517935005916625,0.9977101383989013
W,0.00011591323446755084,0.003163177478617093,0.001309459967665028,0.00017883074888869408,0.9952326185703615
W,0.006754786295610751,0.002381682414944186,0.002536318816710045,0.03081870674967781,0.9575085057230572
W,0.007100599900962216,0.010133724866829903,0.011417464018251186,0.05267616792375147,0.9186720432902052
W,0.004031265298179695,0.0037240662275476585,0.014646640596769222,0.03109489774136391,0.9465031301361394
W,0.006792835995027072,0.0031472904830371555,7.229101052821727e-05,0.00110074490404594,0.9888868376073617
W,0.024098572751239687,0.0030029587576213775,2.5787189486588782e-05,0.0017875052506130657,0.9710851760510392
W,0.01167578424079124,0.011628364508600289,0.00048397731696587327,0.0020049450030871613,0.9742069289305554
W,0.006902406175231924,0.01407204343954545,0.0012008611197191353,0.002097108477117211,0.9757275807883863
W,0.0028257331803474904,0.012835894360110895,0.0005809074923415243,0.0011434685518716351,0.9826139964153284
W,0.0050538001481790435,0.015623412683967443,0.0008252626916144376,0.0031431963947281517,0.9753543280815109
W,0.010390970036306584,0.013890644826697105,0.0024991159239862136,0.024539197302222183,0.948680071910788
W,0.05760441197638985,0.06748207583138906,0.025761242661988655,0.24401749551934834,0.6051347740108841
W,0.0026945010032270018,0.010194936318156472,0.0005388166335075125,0.003830343192814181,0.9827414028522948
W,0.0032470271778706214,0.005157615091509745,0.001435490388085071,0.004153592102720101,0.9860062752398143
W,0.002037580664566886,0.005377850349903392,0.0022758460537712164,0.0003566407255757363,0.9899520822061828
W,0.006043870465884243,0.039962934654273335,0.029274621710109548,0.0017955444729717638,0.9229230286967612
W,0.021867312001939355,0.10524474878119555,0.05091711655354109,0.001177221040618052,0.820793601622706
W,4.487437186515128e-08,0.04580136063872046,0.04828331768468368,0.009251167315266606,0.8966641094869574
W,0.0017652604373510012,0.023760920261976178,0.0015858722496444675,0.001142906776611572,0.9717450402744168
W,0.009575744891334222,0.02087910995926326,0.002815645969858217,0.00044832015860820756,0.9662811790209362
W,0.0029016391931156586,0.023175934141177044,0.002624003752001894,0.00020963460848931435,0.9710887883052162
W,0.0031714179750776434,0.030527174468320088,0.002967073748175446,0.00011499002629840201,0.9632193437821285
W,0.0018801185733289326,0.045519928350125194,0.0067978193120866,0.00012414158202820295,0.9456779921824311
W,0.00264234829496784,0.042321919302079916,0.009553031664585739,0.00020349309068943826,0.945279207647677
W,0.0005992507547701136,0.00523101882291536,0.0030665385929540354,8.091517040407027e-05,0.9910222766589564
W,0.0004550111089426951,0.012159284956204948,0.005214815496799372,0.00012006773852184127,0.9820508206995312
W,0.00033222090193325225,0.006274813328749072,0.0029174881784420647,6.916408314013604e-05,0.9904063135077356
W,0.006379113612857579,0.046656332799984934,0.03417302942020474,0.0008568735938055729,0.911934650573147
W,0.022212626965982342,0.0974579070803046,0.17248226354247742,0.018460228182014562,0.689386974229221
W,0.033976000986887835,0.04617805113433585,0.04051773949265714,0.04355026130511929,0.8357779470809998
W,0.0290067112357953,0.07128485233782665,0.007049311917607459,0.0024292297469266275,0.890229894761844
W,0.00891941832107023,0.0382924875932217,0.005539292989892142,0.0005035832553456342,0.9467452178404703
W,0.017986534661831127,0.07831755819005373,0.011491994757156872,0.0009246469322933787,0.8912792654586649
W,0.02724099351959595,0.2585693787272237,0.005656105887935492,0.0014450777285503313,0.7070884441366945
W,0.007817762248933652,0.1103760658274206,0.1025725435620804,0.007464352244742257,0.771769276116823
N3,0.014740218287520531,0.10904266097441663,0.5474743497731398,0.01320863053376793,0.3155341404311552
W,0.09829734402903234,0.03549193894864246,0.04720577354728706,0.14324510068467183,0.6757598427903664
N1,0.6673771512557187,0.015168278832484743,0.02889458294568752,0.007968831895772873,0.28059115507033616
W,0.21126556648682157,0.028375896958668233,0.0007288108037441667,0.007034212565752699,0.7525955131850133
W,0.011962590756202516,0.014612449354402457,0.0007872678761567722,0.0033780777554862163,0.9692596142577521
W,0.015355896180031253,0.07067330005596036,0.0010843562033469394,0.005326264984317931,0.9075601825763435
W,0.02456597559879452,0.10234525599974023,0.0026607262975299833,0.03995745109390865,0.8304705910100266
W,0.01905109543027778,0.03745035351180736,0.002384317672114622,0.04640326840446106,0.8947109649813392
N1,0.9985362552920101,6.684012010444469e-06,1.8607551600712198e-07,0.0008391124033022788,0.0006177622171613936
W,0.0022951193449023207,0.009407104129020355,0.0010516195095634422,0.010361678820118968,0.9768844781963948
W,0.001975008687905988,0.018322377112798004,0.0010220224238819385,0.005969266434755573,0.9727113253406585
W,0.003562440177613127,0.02644628102952451,0.006321463820224034,0.022845524448245568,0.9408242905243928
W,0.005395826056682997,0.05588078721512297,0.009661662205648205,0.021401576710284136,0.9076601478122618
W,0.008339399987174197,0.0696115039699652,0.00868276888280626,0.02055017724211215,0.8928161499179422
W,0.00576840228497973,0.07336914716935354,0.01373662740424162,0.03219397298514879,0.8749318501562763
W,0.004018662151216844,0.02893002185538861,0.002481524692220815,0.013710563677656912,0.9508592276235167
W,0.04012679814407126,0.10921940272881406,0.011853151656394046,0.059340700012649475,0.7794599474580711
W,0.04929434387946227,0.05102571768718871,0.0031587872349691337,0.04372131407318109,0.8527998371251988
W,0.05361425808955029,0.12107497103274821,0.00508762270997144,0.0678825610218159,0.7523405871459141
W,0.05857672668179233,0.10254253427382713,0.0015239522036208366,0.07180238828470704,0.7655543985560527
W,0.06546861006602471,0.1102939902907416,0.011395971706921281,0.07907950809280011,0.7337619198435122
W,0.0708990600564151,0.09607679454743843,0.0007913904854044638,0.07221754443398556,0.7600152104767565
W,0.08317227714109501,0.12470521147896829,0.006601683700247469,0.08036641201186719,0.705154415667822
W,0.05514583360479262,0.08200233662754246,0.0024085369354742356,0.07100021637527357,0.7894430764569172
W,0.12860246211409482,0.06607601259723961,0.001911570146093176,0.08572489098288742,0.7176850641596849
W,0.08903473571153099,0.1430978996022045,0.002971113267539613,0.12779426495239668,0.6371019864663282
W,0.0022976038758757253,0.023646514211922553,0.0021338824043599103,0.3684248744680419,0.6034971250397998
W,0.01483706494980208,0.17690865763514352,0.005003380452743362,0.013592482893126602,0.7896584140691845
W,0.0375642556248926,0.20498445698245005,0.002747426965444223,0.3246603583890232,0.4300435020381898
W,0.04634234357509063,0.10190161035749352,0.004629709766131648,0.026813613943623745,0.8203127223576604
N2,0.07393088999824379,0.49698269323037225,0.002896431190370009,0.02451739104873383,0.40167259453228005
N2,0.08722354227102383,0.5932643047873328,0.014346246986614646,0.01925186370706367,0.28591404224796513
N2,0.06622613915967718,0.4922266661253505,0.01413302941980566,0.023825107405629264,0.40358905788953736
N2,0.05095181778175092,0.5491477523804077,0.007196608099397071,0.016058249506342073,0.37664557223210227
N2,0.05205702441585406,0.700904794639695,0.006147118170267718,0.004790158396270339,0.23610090437791295
N2,0.050502501253928314,0.7494791256735643,0.004543015727679326,0.006921965554148267,0.18855339179067968
N2,0.09392516714905735,0.6643339942313355,0.003529091837789076,0.02010185932564294,0.21810988745617507
N2,0.04128555482138094,0.8331189910197628,0.010169511542091681,0.011026854802008242,0.10439908781475632
N2,0.053108320276259044,0.8416908150506671,0.008927094069778893,0.025790683962073974,0.07048308664122109
N2,0.1280018627573155,0.4657338790174044,0.009057347575213707,0.09810293922746563,0.2991039714226008
W,0.010340295762167898,0.1722755247220017,0.054251733842581334,0.19397703342768796,0.5691554122455611
W,0.0919454281778633,0.1773057604634745,0.001712049415059568,0.023707959503808523,0.7053288024397941
W,0.08247955822242138,0.3068645229372105,0.0005047619159937037,0.03359992532006174,0.5765512316043127
W,0.05273248365487046,0.20968760937085718,0.0006325094635506413,0.042630046138005424,0.6943173513727163
W,0.07693128941824724,0.23275236283999218,0.0015163554888111648,0.010669174550885863,0.6781308177020635
W,0.06668064201653272,0.2064213444284948,0.0014673702461602098,0.010877939107055586,0.7145527042017568
W,0.03724691415300236,0.2714914368666561,0.0006441622485808798,0.005058795298377523,0.6855586914333831
N2,0.02245724538607492,0.7473252867384625,0.00422702101982926,0.00619113409041484,0.2197993127652184
N2,0.04802656906736679,0.6126208810517936,0.0016716123298820846,0.010490873847193093,0.3271900637037644
N2,0.017000226724696015,0.5577873925090343,0.0042744180976433494,0.00844798107768636,0.4124899815909401
N2,0.014481382082171212,0.3345909145880746,0.32789218933527464,0.05230584176077208,0.27072967223370736
W,0.0207414224999809,0.27304355946819475,0.05684009036415479,0.011076316267589535,0.63829861140008
W,0.027980732204237833,0.23651825892113154,0.0040771525432789,0.0029967711566587234,0.728427085174693
W,0.042264028431296036,0.0813796304693421,0.000799547706141946,0.006156851482897264,0.8693999419103228
W,0.09537768389519316,0.07916728238104231,0.0007451565081168441,0.00834653225153682,0.816363344964111
W,0.1247937453424142,0.16657664776333714,0.00021312010676313275,0.012157824995671055,0.6962586617918145
W,0.12807399539417455,0.05137214028593423,0.0007742953227172851,0.010128537528555952,0.8096510314686179
W,0.30260541653344564,0.0706235831510722,0.005060631089514052,0.03419686854859122,0.587513500677377
W,0.06041809448435774,0.022381993395801627,0.00030116386125892737,0.01968620445872882,0.8972125437998528
W,0.15250538840869293,0.03560532453711423,0.0005513298969967892,0.07054297171884133,0.7407949854383548
W,0.21792611631108386,0.0826501482191435,0.0012156790062503118,0.2689881192711131,0.42921993719240914
W,0.19726754947804562,0.1485778652776794,0.0008568201238932916,0.29718090639888795,0.35611685872149373
R,0.11729977750719406,0.18778243230888061,0.0028335375814626373,0.36346339699695723,0.3286208556055054
W,0.1972077788835343,0.20607601612462864,0.0009205524135052214,0.27025027714852,0.3255453754298118
W,0.1631529001875546,0.14015262145147825,0.0010012568957313132,0.16204187379765936,0.5336513476675765
W,0.1728144206167075,0.2504273358104912,0.001219566856101965,0.2409856478839084,0.33455302883279103
W,0.07273113526458164,0.3307876170418707,0.002842842407319628,0.22426470107643995,0.36937370420978816
N2,0.11060767556294276,0.3597428845368055,0.0014123078650805736,0.2872057490722535,0.24103138296291768
N2,0.058997889300911564,0.4035993028909965,0.00340159141231077,0.40273662718224645,0.13126458921353468
N2,0.08289636395178583,0.35718130590907543,0.0017370213595438366,0.32631868769864675,0.23186662108094805
N2,0.20884517452212112,0.33562927002129006,0.0008924370281743296,0.2967429689217199,0.15789014950669455
N2,0.11362998410113749,0.4196694594455924,0.009349530943785553,0.15378918036980915,0.3035618451396753
N2,0.16110535071572415,0.5548257426492674,0.01791717852530126,0.18390831152896941,0.08224341658073782
N2,0.09541454550685319,0.3960376335834092,0.008601642367775372,0.22768904156947906,0.27225713697248316
N2,0.1124632770292696,0.39257331705804394,0.0008199812139170691,0.12496737631967222,0.3691760483790972
N2,0.15890648830681547,0.4733012712699156,0.0015046130328008065,0.18156971436819871,0.18471791302226942
W,0.13911286662961664,0.2965047905055309,0.0034400246528471954,0.2528645117427394,0.30807780646926586
N2,0.10232602202348419,0.6725493237188315,0.00749127474050626,0.11176413652532946,0.10586924299184879
N2,0.08998970007974355,0.6601566552251485,0.0008588467744923162,0.12786630608929783,0.12112849183131767
N2,0.09804327079707204,0.6555593018310291,0.003133984286107153,0.12976268086495682,0.1135007622208349
N2,0.08369689123986555,0.7047275668111879,0.0013696128949076262,0.10162661262220667,0.10857931643183225
N2,0.1655409910552215,0.6007296642340111,0.0013769934739851163,0.09889871339697187,0.1334536378398103
N2,0.08809686255335518,0.39287251002219997,0.036223650381975454,0.16440227044576047,0.3184047065967088
R,0.01823702234909648,0.288934708422134,0.020880152354640885,0.5219591937977178,0.14998892307641074
W,0.012868934447821848,0.16425403611621936,0.11121252968357502,0.05278918053414907,0.6588753192182346
W,0.008033250662638089,0.13132432110159503,0.07442855092326485,0.16074266357917233,0.6254712137333297
W,0.03019400057329748,0.2537339943090737,0.19924278015680247,0.06796782792037555,0.44886139704045086
R,0.0019699511120509126,0.011106660324646819,0.0006914752904479973,0.9488163284271248,0.037415584845729384
W,0.029328197408664,0.10431078002905708,0.0192434663018613,0.18269233509628288,0.6644252211641347
W,0.015793186843438993,0.10947308756957541,0.038187524880822284,0.21710129074973109,0.6194449099564322
R,0.001717236837137525,0.008270691692844645,0.0013694227515289154,0.9394429634593008,0.04919968525918799
R,0.002307745115225238,0.11564497832302971,0.09398106109440141,0.6543917761742934,0.1336744392930503
N2,0.029646589902273396,0.4006244233300837,0.16411086201780314,0.037588964730077584,0.3680291600197621
R,0.0069785238785035515,0.09741068711335023,0.023260393014451857,0.6840889699416616,0.18826142605203286
W,0.05591383437060634,0.16770756313080518,0.003492431497976164,0.009756909988496773,0.7631292610121155
W,0.029073037057347432,0.13770604517652332,0.005658819962351828,0.024584211807108895,0.8029778859966684
W,0.10376841002331749,0.12308117572802252,0.0074103234193445625,0.030064608280401438,0.735675482548914
W,0.07002494416376921,0.2958276820134749,0.015547354089300167,0.0818852702688155,0.5367147494646403
N2,0.11473090222304852,0.3320056438124879,0.028095749928581923,0.2912446371462441,0.23392306688963743
N2,0.1257702750929,0.4075265039798331,0.008298652024411188,0.21389781632868402,0.24450675257417173
W,0.24823695836296952,0.24342993822427844,0.013791695263495598,0.0831136670265379,0.4114277411227184
N2,0.13388520934704534,0.5775866591252222,0.021750386558381497,0.030258643612997,0.23651910135635404
N2,0.15988494474102577,0.48870694655590613,0.02316480044375861,0.029636952303493235,0.2986063559558162
N2,0.13901434611195096,0.6472923897331972,0.01538197294836513,0.03367958029255972,0.1646317109139269
N2,0.049332563537886606,0.6704165427069033,0.011263946731921656,0.02450676169541616,0.2444801853278722
N2,0.03625861567403157,0.422158704185036,0.1490132040826463,0.11549164933665827,0.27707782672162784
N2,0.0207160979793042,0.5259983864656472,0.18079898867032265,0.038021936056560644,0.23446459082816531
R,0.024773310874213757,0.20971082933336374,0.03797807027240678,0.5796500689304118,0.14788772058960395
N2,0.09483650222090292,0.48243031496430994,0.039592212305167136,0.08341372266563273,0.2997272478439872
N2,0.0998155036377727,0.7123693014279864,0.006636960609943428,0.05750067884946216,0.12367755547483526
N2,0.08882923992955015,0.8039992876252557,0.01514472360775851,0.042158283122986556,0.04986846571444903
N2,0.040571170971080775,0.7623186808323338,0.04687815931088112,0.11604652103179182,0.034185467853912535
N2,0.029999720685114802,0.811249023324572,0.06065086494666679,0.023420627633555992,0.07467976341009017
N2,0.04720954867223823,0.7284028147017177,0.04248948699875629,0.12041077911697629,0.061487370510311334
N3,0.013715369248368858,0.3728369999885029,0.4419055230829876,0.04539697098241781,0.12614513669772276
N2,0.15440320955604747,0.6786836472189468,0.0744338177729732,0.009438325789180396,0.08304099966285218
N2,0.12387089334399053,0.6581823731430636,0.1549548694847972,0.007845721865321193,0.0551461421628275
N2,0.05464056600965912,0.7058312288027754,0.03894432399761297,0.02267858130535149,0.1779052998846011
W,0.007429146714034233,0.140923994060073,0.18623920949552336,0.1345219173573633,0.5308857323730061
N2,0.06605575725192966,0.6275659216194096,0.18639205892677138,0.019762280055201524,0.10022398214668796
N2,0.1190688526973501,0.35476007804007487,0.11603185156270471,0.18055723842014204,0.22958197927972818
N2,0.07760365901709793,0.34268831722631027,0.1334455985695371,0.32083470979766693,0.12542771538938785
W,0.028061862670973825,0.23082540174253366,0.2353781899645172,0.19754486180089392,0.3081896838210813
W,0.02794818102120291,0.19908735610837916,0.3232053453402564,0.10261583541264803,0.3471432821175134
N2,0.04299429833898765,0.2549209856052122,0.23757569866218242,0.25351484706167055,0.21099417033194728
W,0.02768465933346816,0.31174770542427094,0.10495178073812408,0.09751043837492203,0.4581054161292146
N3,0.039008197814675315,0.23814535839824233,0.3090566053565303,0.12006961148215288,0.2937202269483992
N3,0.032351956941821344,0.2109717002454398,0.3810106737162074,0.09673385614193841,0.27893181295459313
W,0.009844419326507195,0.08110585481075856,0.15969323958269196,0.19023018295150618,0.5591263033285361
W,0.02182828465766824,0.09716217037389396,0.3263690178590444,0.07301144412673254,0.481629082982661
N3,0.03092074900919885,0.19932181519078254,0.39066981782770577,0.03723576674357629,0.34185185122873646
N3,0.01623969123995423,0.08781380209877061,0.4348895888457771,0.26936864391162246,0.19168827390387558
N3,0.01590772199252303,0.14978550420260234,0.7208199493610181,0.02445339928905592,0.08903342515480059
R,0.011779987355335595,0.10304369683649997,0.3482157892981905,0.3977308183012681,0.13922970820870598
N3,0.008138860770326542,0.07844675966300933,0.6242330857837153,0.25115408926440297,0.03802720451854585
R,0.013922378816669509,0.08378119810590144,0.3393429085625172,0.5412977221655964,0.02165579234931555
N3,0.00463282904902122,0.056683334017532054,0.6427189411012111,0.015092734346893566,0.28087216148534205
N3,0.023958566345018886,0.33912416689239855,0.4628410714316632,0.051621603360773274,0.12245459197014619
N2,0.022136198429770958,0.3985244274389318,0.27114826136710735,0.19973557146235799,0.10845554130183174
R,0.008727180642696244,0.1617816266978829,0.08130816978608243,0.70248999832,0.0456930245533383
N2,0.028898878472288784,0.47633891369860837,0.2085957117270096,0.22853938150615766,0.0576271145959354
N3,0.008489254402264352,0.25192632846622093,0.4518977655386005,0.26395916531910135,0.02372748627381284
N3,0.008309968767497372,0.21019686810716326,0.543395363672354,0.2152554663671917,0.02284233308579374
N3,0.008554194260983455,0.2557071670113585,0.40718086981017637,0.21364291862833726,0.1149148502891444
R,0.009266307379616227,0.23761491550978217,0.3361054901038067,0.3390631659423484,0.07795012106444653
N3,0.00814528654861065,0.2406062723096222,0.5931285627043923,0.09836344140483944,0.059756437032535484
N2,0.014162044183587146,0.3983437232345709,0.3529638096090204,0.13689573097380195,0.0976346919990196
N2,0.02021397200007078,0.3348522529801634,0.31084545432899013,0.1786817169031751,0.15540660378760052
N2,0.02201751329847403,0.37875789793726905,0.2728051219377499,0.2303762861871018,0.0960431806394051
N2,0.020263979304694382,0.4542908749561294,0.2911876609166028,0.18353919549014328,0.05071828933243019
R,0.0161894217408824,0.11570839381603844,0.1593551152951912,0.5502676269067679,0.15847944224112004
W,0.005185782102308036,0.018533347464912135,0.0007301532822945023,0.00798074991669735,0.9675699672337881
W,0.017341399490285982,0.03775338094622565,0.002737877339513954,0.2130214344016752,0.7291459078222992
W,0.04590132648082752,0.10520846895332675,0.00809545628165054,0.22531763599259402,0.6154771122916012
W,0.04530377463411082,0.06262542592057319,0.006342169764816848,0.010517204524410902,0.8752114251560882
W,0.051654037721869446,0.04808582106478533,0.035058023650976294,0.0076208032651641005,0.8575813142972047
W,0.010499101484315538,0.017671908193743924,0.006922540324457797,0.0045327625243690335,0.9603736874731137
W,0.0027594001633119286,0.008249966600863117,0.00360262628898574,0.0010503261164349225,0.9843376808304043
W,0.00828232986633249,0.015642404601151287,0.0003180854131557996,0.0008982292476401975,0.9748589508717203
W,0.07539005085885962,0.10653243397145418,0.0009099900351224931,0.0023449783046650264,0.8148225468298986
W,0.13746581382420966,0.2747358420188313,0.0015426018824291348,0.002638798751371916,0.583616943523158
W,0.2258646930038903,0.2934046797345853,0.0012147969377100827,0.020175246648222088,0.4593405836755922
W,0.2599243291117671,0.3305160308607009,0.001676081067905662,0.04603873414321366,0.3618448248164127
W,0.16291503372508104,0.24544578810160095,0.0012651302558991221,0.07030498115286485,0.520069066764554
W,0.20973976328010438,0.2905788601384556,0.001850668537509845,0.10911411834051568,0.38871658970341455
W,0.17977790855361128,0.30448036451639054,0.0011568442026225105,0.1193640544530711,0.39522082827430455
N2,0.24059494933752307,0.40988325855564445,0.002710152600986833,0.1285274506251847,0.21828418888066098
N2,0.23867257455861654,0.3855584973900654,0.003526003225045678,0.21987491025775632,0.15236801456851612
N2,0.19343255309753438,0.38633134406953573,0.0025834475520698638,0.23182226300617956,0.1858303922746805
N2,0.14422931280333193,0.5974882477597381,0.00299898420487047,0.09803338809480987,0.15725006713724965
N2,0.0643169693455561,0.4210596262189857,0.002298294996678826,0.10853219759247756,0.4037929118463018
W,0.001976747439125195,0.016442752017791946,0.0015933148266907846,0.41775100150648165,0.5622361842099104
W,0.03282244192185619,0.12866305498886266,0.003266733173812279,0.016737431378198754,0.8185103385372701
W,0.007386860813920414,0.02103804182121433,0.0057297689224215945,0.003057315035645468,0.9627880134067982
W,0.005862733264398813,0.018518063170498544,0.00016466798761139212,0.0004444839548272003,0.9750100516226641
W,0.01424216227539705,0.03526120892421566,0.0012679465408804332,0.026117326783944204,0.9231113554755627
W,0.004431349642101399,0.02563742275796265,0.0005031001847426511,0.008197901114209852,0.9612302263009835
W,0.01693613238589433,0.032198789062237054,0.0009789080726590497,0.0019029558335777845,0.9479832146456317
W,0.06709256448013216,0.07981137432432207,0.010389646641637823,0.008824225268939329,0.8338821892849686
W,0.015636431715726835,0.04225785386921538,0.0020722380594095304,0.015394325263566823,0.9246391510920814
N2,0.14885506653664066,0.42950212287896605,0.0025734027306634996,0.007957847224794147,0.4111115606289357
N2,0.16752845771884864,0.5206880564741001,0.0014388118726795752,0.008450621849068677,0.3018940520853029
W,0.2559690995564404,0.31167958688891084,0.0011610606778601432,0.011655757604476702,0.41953449527231174
W,0.04863459967085581,0.1756101074200964,0.0014114718222025798,0.028584815452617374,0.7457590056342278
W,0.11139316404073185,0.14305303981738485,0.0014513169152117747,0.049826252229402006,0.6942762269972695
W,0.10382444784928545,0.14829423813547823,0.0007496123028756132,0.08634416192325454,0.6607875397891062
W,0.06648105162375069,0.1297744181829455,0.002728223773835668,0.22206211306304818,0.5789541933564201
W,0.13887707183677425,0.08871700699239504,0.001548213434469074,0.09473469288108538,0.6761230148552763
W,0.03707818555060419,0.08540377176409382,0.00792237933498431,0.26480263945997967,0.6047930238903381
W,0.10453171299317703,0.22210797453300096,0.0009544676231535874,0.0931572642310749,0.5792485806195936
W,0.12262437138754667,0.1575182748933157,0.0019904350276310247,0.06693273286727006,0.6509341858242366
W,0.14613798113175125,0.23959261337516066,0.0007107403926898866,0.04834567792628724,0.565212987174111
W,0.18624016750115324,0.11754528565892536,0.0007634617788632026,0.0475946984173685,0.6478563866436897
W,0.29730348714073684,0.10841193301012123,0.0003861697149455796,0.060099933384697816,0.5337984767494985
W,0.2524784481528628,0.059381792208043585,0.0008960876701297173,0.07032124187321652,0.6169224300957474
W,0.1431662168707197,0.06696684822370766,0.0009971594212460986,0.06792746490567268,0.7209423105786538
W,0.11096223040514512,0.09621322720678227,0.003732012440687651,0.08911673352612542,0.6999757964212595
W,0.12395152313708233,0.1119396903675277,0.0005423450873240532,0.0774525100998149,0.6861139313082509
W,0.05434103491938296,0.05228587203962375,0.0013931276924663936,0.0469029703164494,0.8450769950320773
W,0.030435787296296108,0.26144375691303273,0.017171077190021426,0.04021150089773653,0.6507378777029132
W,0.03548621066119546,0.2166952282321817,0.008577510221603938,0.011493261772736482,0.7277477891122823
W,0.14733229404281828,0.2379005559213626,0.0007006196777585611,0.017919020700955933,0.5961475096571046
W,0.15063250467205672,0.1815797980242239,0.0006618225998104615,0.021343194579700173,0.6457826801242088
W,0.14290979284955854,0.22644653992567734,0.004254798981214747,0.029083032483669693,0.5973058357598798
W,0.08239525287011547,0.15751016384147465,0.0016054524342499592,0.06222917344497285,0.6962599574091871
W,0.16822044081510576,0.10777116953711606,0.0005206736678993083,0.06518333817771539,0.6583043778021636
W,0.17663573673682717,0.17002636420699166,0.0005496666891437431,0.135044784260167,0.5177434481068705
W,0.04587100470511681,0.09043200045442785,0.00172253933369321,0.21443324111129994,0.6475412143954622
W,0.04735719842438894,0.07075899929181402,0.001697585125107271,0.05193259138195435,0.8282536257767354
W,0.06530687539638924,0.1341919932004766,0.0011890872653947632,0.055350065694097915,0.7439619784436416
W,0.05441508516290112,0.17056432540078212,0.0008145756815761204,0.03328768056319225,0.7409183331915484
W,0.07369617607268238,0.2502639481862184,0.0010974770638633332,0.04225316487794799,0.6326892337992879
W,0.03609922751038434,0.16403513823924892,0.0027872477071465645,0.05813232106023596,0.7389460654829842
W,0.08054490650125505,0.10484506476132935,0.0006037941718417747,0.03835920784310069,0.7756470267224731
W,0.09484445755034394,0.16314448082486968,0.0005182236172094772,0.03832349799729482,0.7031693400102821
W,0.1043399210288021,0.16188624939730628,0.00018114339960157547,0.03954573653156626,0.6940469496427237
W,0.08371876747085287,0.14187804570036072,0.00024160348301695527,0.015914754582278333,0.758246828763491
W,0.13513675653958213,0.16964986948636127,0.00034988673900882233,0.02709637333449929,0.6677671139005484
W,0.0711228819426282,0.12900196781275608,0.0005124578800748196,0.03176556409615244,0.7675971282683883
W,0.05645360604834638,0.12874247088633356,0.0006561319102888657,0.023020045817978813,0.7911277453370523
W,0.011016427898151106,0.05167774852571229,0.008264736523462527,0.34442125108098964,0.5846198359716844
W,0.0806910097699751,0.14438505510492064,0.008440563805261272,0.03150514752172102,0.734978223798122
W,0.1676577660634781,0.11191159833540311,0.0047364620697187935,0.01603418065730181,0.6996599928740982
W,0.2265023805588463,0.10989617561099398,0.0024989489049187553,0.023310995661007788,0.6377914992642333
W,0.13003766803937994,0.31218687660422345,0.0049651888652562535,0.0168431360744205,0.5359671304167198
W,0.17404987949933037,0.29250894504191693,0.0007388385322118042,0.028592877701974398,0.5041094592245665
W,0.0742238560561564,0.2537651283707514,0.01269144299316146,0.06355031628035852,0.5957692562995722
W,0.020112717004872067,0.16418347111555925,0.008416349256852945,0.012635401505484624,0.7946520611172312
W,0.019686164057671734,0.11792199501659494,0.0031466569435150515,0.015221244045842812,0.8440239399363756
W,0.023692325189871556,0.0394845616499559,0.0005144882749459016,0.03778050405663494,0.8985281208285918
W,0.01953825621085454,0.06231639684638992,0.0003375758239932986,0.011934026712624305,0.9058737444061379
W,0.07383174766434769,0.04516952424701736,6.334436886939274e-05,0.03817099404757466,0.8427643896721909
W,0.10362435421422106,0.08798953347362568,5.9567375673010055e-05,0.05479177441728179,0.7535347705191983
W,0.04783128908400968,0.09802837132952245,0.001301842207390628,0.055985809012744046,0.7968526883663333
W,0.07174026199810354,0.1231896371064226,0.0013947665482982436,0.07305839965471896,0.7306169346924567
W,0.0935077268392438,0.15222847630996192,0.0008377824694805221,0.08004786737810643,0.6733781470032073
W,0.03657519328412211,0.11952171080584617,0.0023268896895468514,0.09014491827505201,0.7514312879454329
W,0.12049062029403207,0.13186132809356013,0.000496041851392388,0.14113355258530932,0.6060184571757062
W,0.101785038448233,0.21378302123374804,0.0016623363992496235,0.08838136776765182,0.5943882361511175
W,0.1014155719523231,0.20842534384897682,0.0006858629337988149,0.06732075250609088,0.6221524687588103
W,0.11839167147576234,0.06448165555672143,0.00039794276463658694,0.04769617939540227,0.7690325508074772
W,0.11319757331954278,0.19056260603706682,0.0005108421592016094,0.0453373995016755,0.6503915789825133
W,0.06505888748629875,0.16985240701686025,0.001445284341764031,0.026232261757202977,0.737411159397874
W,0.10134363982735468,0.18036104163370176,0.001985773165254221,0.03847325930154911,0.6778362860721402
W,0.011202408465904954,0.06445702893552302,0.008066561250871669,0.03282865779577109,0.8834453435519293
W,0.012839792830580014,0.0469461350650758,0.009388700693309507,0.24920977788270635,0.6816155935283283
W,0.011727383335754439,0.1411951806891083,0.006650946704229076,0.05579781236556497,0.7846286769053432
W,0.03123455050917621,0.02801507237392983,0.00037646525474386157,0.01925047163723932,0.9211234402249109
W,0.019227739877218635,0.027012402581755968,0.0006485218852930645,0.006827823523922131,0.9462835121318102
W,0.03783010157356844,0.03505030287421905,0.0004633565727531594,0.009532738836357798,0.9171235001431016
W,0.042617868666423545,0.11483392782875906,0.007765198575431464,0.04276132400742012,0.7920216809219659
W,0.25836862035090935,0.13132354104937613,0.0011229989075970666,0.02790404134252871,0.5812807983495887
W,0.008087425237202484,0.027830830025786207,0.01793062738872491,0.03225519756329575,0.9138959197849906
W,0.002635420106924639,0.01935756149345729,0.0056286299714702025,0.002901122287179504,0.9694772661409683
W,0.0007784269523409661,0.007079152242441133,0.0004568549249747447,0.0003223019499753328,0.9913632639302677
W,0.0018657627144269258,0.001347398493838995,0.00030565039119112423,0.0022076186149013527,0.9942735697856416
W,0.003229595325786658,0.0068732503751327365,0.0012818490826966282,0.0038592607263257684,0.9847560444900582
W,0.0013569998508561848,0.009829178787495467,0.004080672680336816,0.0007571064828746091,0.9839760421984369
W,0.00020139211448218577,0.0008934621698076106,5.112216748216378e-05,3.810333182632662e-05,0.9988159202164018
W,0.001102223543119334,0.002778450790372603,0.0001089343362336035,0.0002550597739516272,0.9957553315563229
W,0.0012871075454040123,0.0024146802663554436,0.00012862695107894505,0.0011539420111209143,0.9950156432260406
W,0.008177102228379534,0.043131969022178925,0.0007628284503932214,0.005047954819284505,0.9428801454797638
W,0.007596181353581262,0.06390203078419505,0.00031948769746181283,0.012443704951455496,0.9157385952133065
W,0.0036610455852415518,0.023993560509783754,0.0006226499521013394,0.03078721537633567,0.9409355285765377
W,0.0029965790683493124,0.021268903760467413,0.0009873432689950592,0.08079250126476839,0.8939546726374198
W,1.668090701530577e-05,0.012639579564765498,0.00036532305180372377,0.047117579263099243,0.9398608372133164
W,0.0010751640772321512,0.010813771108884488,0.0005487958028754747,0.08872933563299631,0.8988329333780115
W,0.001322689931965792,0.02162517769780373,0.0005379193483296549,0.13091404792273126,0.8456001650991695
W,0.0008566932873136324,0.03409438352122027,0.002050150580964459,0.13656836079314938,0.8264304118173523
W,0.0010936165851342693,0.011779489600589266,0.001593905263061418,0.08283056910813559,0.9027024194430795
W,0.00013750451130170805,0.014897678711556398,0.00034961455578732094,0.025308203620922325,0.9593069986004323
W,1.0884895278703077e-05,0.0038112066638324796,0.00018806578870044557,0.004141674124495104,0.9918481685276932
W,0.0005718484927308378,0.008391101359389164,0.00014192924678537575,0.010437192203703085,0.9804579286973915
W,0.0006592699979806066,0.010600106463884035,0.0002955562731027727,0.0161014021206094,0.972343665144423
W,0.0002667208099328778,0.015471274843781663,0.00047374774354697795,0.018538721009243184,0.9652495355934954
W,0.0016068581496702123,0.024143730478615802,0.0011489783111642146,0.05482971040668072,0.918270722653869
W,0.005587173526517006,0.083892267448514,0.0017727847294954837,0.14452397134549264,0.7642238029499809
W,0.014646197734734174,0.06236663411938431,0.003842982456675577,0.07386833483796972,0.8452758508512362
W,0.040808017115880134,0.1336918795375932,0.0021615203766735267,0.23151477688517633,0.5918238060846769
W,0.033531354963015826,0.156352567502985,0.002836181243542955,0.23785768978898017,0.569422206501476
W,0.027074849660624272,0.23856847185659646,0.0029729984446855372,0.141920797416661,0.5894628826214328
W,0.05849777185041364,0.28084552262295465,0.001978085444311021,0.1598757341879231,0.49880288589439775
W,0.044121401980429624,0.2664396451259805,0.001983479980115423,0.07832442667289835,0.6091310462405761
W,0.04273966188910618,0.2561081883624596,0.005975181405099949,0.09791233383303437,0.5972646345103
W,0.07337776025807326,0.2103795985429675,0.002109369352835823,0.18687495955247582,0.5272583122936476
W,0.05378484981850971,0.1842717798118225,0.004035203780591599,0.12837301472832172,0.6295351518607545
W,0.047375669026816294,0.13855325846622274,0.0042747694893410125,0.11453664313890903,0.6952596598787109
W,0.031745764626425865,0.12428348195801771,0.002170799035083249,0.12701250571117098,0.7147874486693022
W,0.05355609169658861,0.27184155833661217,0.003267515668913916,0.08051740928591253,0.5908174250119727
W,0.04251515501023685,0.2833108171768105,0.005607823356798798,0.03697763153918428,0.6315885729169697
N2,0.0668448627098391,0.4473361985660203,0.004994593453842697,0.036641434990674966,0.444182910279623
N2,0.05292416613408748,0.4755142459804473,0.0030637792990233347,0.051808889508395406,0.4166889190780465
N2,0.056899125506130487,0.45809918532777083,0.011894058971168596,0.017308930655046507,0.45579869953988356
N2,0.05108290645246803,0.47956148922220804,0.014222566857148422,0.019527190886656224,0.43560584658151924
W,0.05997840500500891,0.15269134676917182,0.02015761455589891,0.13991785941670007,0.6272547742532203
W,0.10080000400851737,0.24794184451974097,0.002843750950941204,0.07797750801875027,0.5704368925020503
W,0.05283994491789319,0.19623451033015635,0.010304081656408979,0.0175931209583822,0.7230283421371593
W,0.025407881629968126,0.1878685856020366,0.01424330682400715,0.004452161066772965,0.7680280648772152
W,0.06049376307713737,0.3509757217229748,0.01997862409603397,0.006139737330204746,0.5624121537736491
W,0.04210426344453042,0.26424469335175965,0.019712276457529834,0.003638404257270651,0.6703003624889095
W,0.05188761049953962,0.16334335817073095,0.010699161822482494,0.007524074275731273,0.7665457952315157
W,0.059367612876774015,0.27818857433493377,0.009633023833205356,0.00664794954070733,0.6461628394143796
W,0.04753240433395363,0.2135836849983731,0.018635198344195445,0.005546244378856698,0.7147024679446211
W,0.046842151147611095,0.1795030290341836,0.03475367565205218,0.005266480701290057,0.7336346634648631
W,0.03449716369321508,0.1299412001733313,0.013468437431481484,0.19430009883647817,0.6277930998654939
W,0.07559921909958253,0.12437383862828219,0.25018126510789357,0.19239898551460177,0.35744669164963994
W,0.0838810693191708,0.15470936387642192,0.08233460417285214,0.010888494889644315,0.6681864677419107
W,0.032766127410059444,0.03692161687943763,0.0019902251908782633,0.07097953607117424,0.8573424944484505
W,0.08139312020536395,0.01732135112868959,0.002657956016162907,0.0009900226527361983,0.8976375499970473
W,0.04451000491154258,0.017890965258730407,0.0033152046273978828,0.00045519139570468747,0.9338286338066245
W,0.044728497172455556,0.04246379479938759,0.01306236373990482,0.0003670365302865296,0.8993783077579656
W,0.009352406714143923,0.023188021444889857,0.0006675444511036752,5.274342125923952e-05,0.9667392839686032
W,0.020436676459962427,0.0801026085455425,0.002302097076895578,0.0006275001127268419,0.8965311178048727
W,0.014215275118822463,0.07415391999855854,0.0025830313135550113,0.001976683324156127,0.9070710902449078
W,0.007879623694476468,0.0527996570712219,0.005215046810629893,0.0014852045833442878,0.9326204678403275
W,0.010796785290361426,0.06548058867496041,0.0034203123126045768,0.002856759970199889,0.9174455537518736
W,0.01848929667334115,0.10835612778557642,0.025549618645450484,0.002350437049722603,0.8452545198459093
W,0.013979460805332411,0.05337178439865592,0.004982381951396181,0.0015534626836148251,0.9261129101610007
W,0.018073360748266338,0.09962140891416521,0.010385687504431317,0.0067014786722467586,0.8652180641608903
W,0.018786307037009828,0.08337181769960957,0.011046616848845888,0.30849439386099836,0.5783008645535364
N2,0.10099218436425463,0.45513039718838805,0.02888723840438339,0.12887952367350056,0.2861106563694733
R,0.040877772828441405,0.2742122589622369,0.019530627343268138,0.4110738492577369,0.2543054916083167
R,0.008885860308887243,0.053580013709259286,0.0028147635681574604,0.9020725220429597,0.0326468403707362
W,0.052511162668004485,0.31637800490307333,0.08359576420065533,0.062277243011918525,0.4852378252163483
N2,0.11265975306527305,0.6068649011708533,0.11708445749395076,0.057974891700860516,0.10541599656906216
R,0.18914604139088273,0.07999410188191293,0.011625094662726843,0.6127035411041124,0.10653122096036512
R,0.4466971657008565,0.054862832053011575,0.005931632653152073,0.4796860753074034,0.01282229428557641
R,0.031698341307089206,0.1614977340084659,0.013766036017358181,0.7673255943940557,0.02571229427303094
N2,0.13482665515874434,0.5392591509007377,0.08021605591447412,0.13616991032969264,0.10952822769635136
R,0.29848860549146333,0.06498802094402409,0.015208408676470008,0.6075228277482833,0.013792137139759424
