Stage,N1,N2,N3,R,W
W,0.1703685711437709,0.05125308169708688,0.0015812094932601826,0.018969284710291832,0.7578278529555903
W,0.04093516981916877,0.01236906458099037,0.00016410174320606553,0.0009088468379271154,0.9456228170187077
W,0.29141348328113165,0.027024443830575333,0.00019103416925273935,0.002719350667054303,0.678651688051986
W,0.1148112358707571,0.05556433498668822,0.0015990327009714877,0.002763108198379821,0.8252622882432034
W,0.029816568264205118,0.05016225596991882,0.013758191803386494,0.015484581776750512,0.8907784021857391
W,0.0619349766882596,0.02592909309104301,0.009462752565939574,0.0022784099251898495,0.9003947677295681
W,0.028162497533247257,0.0334073395822486,0.015249210821812562,0.003381585981035082,0.9197993660816565
W,0.14041546370149505,0.04700337110635795,0.006771921742638664,0.28779192509827056,0.5180173183512378
W,0.037499161721062255,0.023345117206269028,0.0064261704850627046,0.06804373568139221,0.8646858149062138
W,0.042691406752364706,0.02402734562535723,0.006632642946173981,0.005771174237729716,0.9208774304383743
W,0.08194976072088604,0.013071024804550975,0.000428633035164834,0.004204430963489273,0.9003461504759089
W,0.015459106194065014,0.012981192177165526,1.6770412464599805e-40,0.003055268650930846,0.9685044329778385
W,0.0709271215302,0.03978482164374362,1.1583663687595573e-40,0.022931312106319598,0.8663567447197367
W,0.24773424486177503,0.08699626780075179,0.012164064208023562,0.0533799984883203,0.5997254246411293
N1,0.3417332151184479,0.1268015549371271,0.017463579757029078,0.18573803028489078,0.3282636199025052
N2,0.13911400231174617,0.6733454144463051,0.004072578657834096,0.10690412862190743,0.07656387596220722
N2,0.13588969484770005,0.7155362839134087,0.01983878470503225,0.018314922505213767,0.11042031402864538
N1,0.7649206598827183,0.18908395824917723,0.004336300254214893,0.034071274508163114,0.007587807105726609
N1,0.6529857707080354,0.2979029896941142,0.00945439174890523,0.02634502490759797,0.013311822941346986
N2,0.27253078724639385,0.6599686098204512,0.013861086750864728,0.03381673849726634,0.01982277768502391
N2,0.16222866600664015,0.756155187130042,0.0087117794378442,0.011889832695943991,0.061014534729529474
N2,0.16053786474731171,0.7549244776799737,0.02128275544163334,0.02531398973977791,0.03794091239130322
N2,0.05413386396773121,0.8973255334256387,0.02553723018034552,0.005539761674334685,0.017463610751949885
N2,0.06713932924833502,0.8541873687236414,0.015548920846575385,0.017319770806031438,0.04580461037541677
N2,0.0445181729053893,0.8776441948732255,0.03216375196039592,0.019408075891746427,0.026265804369242703
N2,0.05017465384362145,0.8579543032020227,0.013024569202356305,0.014982044573770729,0.0638644291782288
N2,0.04687155559235297,0.8862473272543593,0.039670996719729706,0.006132972934931545,0.021077147498626676
N2,0.021493693823318567,0.9086363203239367,0.007369466607132992,0.0063386676881910745,0.05616185155742088
N2,0.007189334753248671,0.9786577049207181,0.005850420668104305,0.002318659965604389,0.005983879692324186
N2,0.00793928114067296,0.9566116814968126,0.016491371576687622,0.003263563794490364,0.015694101991336497
N2,0.04175221885584449,0.8851467052084875,0.03805468912584905,0.0067711627706808185,0.02827522403913834
N2,0.015236664140866416,0.92567937623736,0.014933659441358703,0.0050521711219964705,0.039098129058418425
N2,0.00333541226084532,0.8551810873103813,0.12218808890109123,0.0024391531532055475,0.016856258374476466
N2,0.012164457956830849,0.9339162785751485,0.031020417077501004,0.00234824235357639,0.020550604036943407
N2,0.03151790640805087,0.782079401704223,0.1290522614083196,0.003955380429172244,0.05339505005023425
N2,0.11039647923489479,0.8272557326369899,0.023677542057163544,0.010152279315210169,0.028517966755741454
N2,0.03369886760822177,0.9363515107202268,0.006767059879164524,0.007180690228354024,0.01600187156403299
N2,0.014541078931832992,0.9379252731166186,0.03300434421869295,0.0025723018108269927,0.011957001922028374
N2,0.0177375895275005,0.9044683521003146,0.05804069839426693,0.002578617166937628,0.017174742810980293
N2,0.0032860642601695864,0.960109692592246,0.02133751025660224,0.0016753589908959407,0.013591373900086088
N2,0.003527031155628023,0.8617811513972717,0.11759730884177509,0.003217848190331556,0.013876660414993785
N2,0.004712680627272491,0.8943479978198433,0.07807231536547712,0.0026977881341801006,0.020169218053226922
N2,0.003918242812828217,0.8607587741119967,0.10974015114111167,0.0015383749342733073,0.024044456999790215
N3,0.0008334824666660518,0.3191514151861993,0.6743759410813561,0.0006901552306388896,0.004949006035139507
N2,0.006835522057067042,0.8240773269914684,0.15181563673570372,0.0015026730874687193,0.015768841128291917
N2,0.0035019132571959483,0.6479060229495835,0.33486765871312807,0.0013539339768773111,0.012370471103214972
N2,0.010941340355406668,0.8948015215533267,0.078257271374733,0.0011878498018970658,0.014812016914636688
N2,0.0009714492002615874,0.7728830260911361,0.20014590921597425,0.0009228413586823213,0.025076774133945767
N2,0.018063905419667813,0.9100373077220292,0.06119668376188112,0.0012693576138607264,0.00943274548256103
N2,0.009323526288574106,0.9296106282479848,0.04469164084613374,0.000841636629773703,0.015532567987533816
N2,0.00834833157472985,0.5382604251679104,0.4449209721435127,0.0014630063000521955,0.007007264813794889
N2,0.005100530476220434,0.5987377914256927,0.3843253603659969,0.0010740838033314268,0.010762233928758627
N3,0.0009761219857582435,0.30489938679402956,0.6887647832267717,0.00061410910443223,0.004745598889008299
N2,0.002969319811638138,0.6316731145677623,0.3479119689456457,0.0009869546541859367,0.016458642020767928
N3,0.00032448837984519626,0.1366463165154798,0.8571979765563594,0.0003482492082727684,0.005482969340042763
N3,0.0003028297751552275,0.21899021512221686,0.7746217560753161,0.0005750123509016814,0.0055101866764099726
N3,0.0006526746532261252,0.3150358890862699,0.6741480238675029,0.0005229922590330237,0.009640420133968068
N3,0.0005143823314741977,0.18645222138913975,0.8087562825187428,0.0001726701105825711,0.004104443650060894
N3,0.00029445751470535985,0.1155195357531489,0.8829552145590026,4.830809540838881e-05,0.0011824840777348367
N3,0.0004645606121436283,0.11652701255199033,0.8794704595650991,0.00011093808114663478,0.003427029189620322
N3,0.000654948569797771,0.20549497889896393,0.7829875029919098,0.00014849333290017724,0.010714076206428337
N3,0.00015567088279080655,0.08020516351220458,0.9177899023557033,4.123750691069756e-05,0.0018080257423905486
N3,0.00022042403982980465,0.07040738221457843,0.9267912125722388,0.00011211880984195942,0.002468862363511153
N3,0.0004595328327174423,0.09939181312161775,0.895383859614389,0.00035643169241863793,0.004408362738857056
N3,0.000810427719321721,0.16648196231726578,0.824682769069434,0.00042370864995053384,0.007601132244028033
N3,0.00024769451090303734,0.05904828296383849,0.9373244104082074,0.00018461417933336098,0.003194997937717964
N3,0.0005670387348821312,0.16432817635779676,0.8285526580835363,0.0002468846025194924,0.006305242221265296
N3,0.00028798096367973396,0.10151863920084087,0.8953268294120638,0.00017925089577992706,0.002687299527635593
N3,0.000887549022462203,0.15282000051990144,0.8355520379913524,0.0006141516858232314,0.010126260780460658
N3,0.0005980947786720086,0.16417636566195573,0.8295811867385406,0.000340114434138869,0.005304238386692665
N3,0.0005219181256707739,0.1253260772427077,0.8693776554828069,0.00020981867204504943,0.004564530476769657
N3,0.0008297873715208418,0.21151369489764957,0.7800911907031343,0.0002549000067196828,0.007310427020975542
N3,0.0003692503713532141,0.08655604602462891,0.9096589243344294,0.00014351238616839556,0.003272266883420161
N3,0.00031930645871889804,0.11119601079226721,0.8853906529608415,8.18857248299114e-05,0.003012144063342366
N3,0.0004101085763703104,0.10239897213116561,0.8944245052475472,0.00019932584268287759,0.002567088202234024
N3,0.00048556207552259977,0.10831537559597411,0.8865965512741506,0.0003459336412194451,0.004256577413133322
N3,0.0005006683560589113,0.1286774839663209,0.8602032038409138,0.00038311186670935923,0.01023553196999712
N3,0.00037075303712454436,0.09140963711034228,0.9005379658010283,0.00019921569612571456,0.007482428355379151
N3,0.0004745068816614043,0.17869291378304142,0.8106772100035472,0.0003014877842989821,0.009853881547450889
N3,0.00032226598709551407,0.07033929337588743,0.9213986883603049,0.00030448441684039233,0.007635267859871554
N3,0.0008342907343579338,0.17117861050656008,0.8148250606603455,0.0004731652805992735,0.012688872818137244
N3,0.0004674318702781421,0.11051959487364761,0.8773618731675643,0.00044864523051058703,0.011202454857999417
N3,0.0003931038705576462,0.14826690930179598,0.8403573682570313,0.0004068049840475007,0.010575813586567446
N3,0.000449104248065655,0.06735889673210373,0.9254753330297932,0.00035599605451538247,0.006360669935521901
N3,0.00024297342458293785,0.09505952972448982,0.8958502489668799,0.0001961244102315202,0.008651123473815718
N3,0.00020740003163653427,0.08231987429544074,0.9108421712976243,0.000148237725585105,0.006482316649713355
N3,0.00044446906253261105,0.10738579218934438,0.88115407101757,0.00035992930952881565,0.010655738421024196
N3,0.00025798155005980094,0.09521122147869163,0.8912299648209031,0.00016495554740906406,0.013135876602936367
N3,0.0031185361142031793,0.08323783138614559,0.7647857932847055,0.04106026957170962,0.10779756964323595
W,0.023130757317875457,0.04221229067289713,0.0245554118185957,0.01636140700647328,0.8937401331841585
W,0.04823427649385422,0.03853881715614024,0.012454544772491931,0.1961969909092581,0.7045753706682555
W,0.1292971330420673,0.08643665772487993,0.0036223999028518654,0.11739434981607363,0.6632494595141273
N1,0.4219384514550228,0.38715001630362117,0.007267304475351929,0.045964794556309876,0.13767943320969434
N2,0.30225683620871124,0.4965542843747813,0.003647123079557453,0.023386776949835666,0.1741549793871144
N2,0.1004898495432565,0.49086067831544195,0.0012113893639488702,0.012273501983658501,0.3951645807936942
N2,0.07204850811995583,0.8144278569943133,0.005302282894550036,0.034700659802702656,0.07352069218847813
N2,0.04582925425955415,0.9061935991661615,0.005117922309276302,0.01774902666564802,0.025110197599359993
N2,0.043592447172430264,0.890380818760832,0.011140049890787818,0.01972596301462969,0.0351607211613203
N2,0.04918349302269212,0.8960793735259801,0.006487765579334065,0.01953076316369288,0.028718604708300757
N2,0.0376652293606101,0.859510272501589,0.020627475336904465,0.050785157205738445,0.03141186559515784
N2,0.027729732971972135,0.614305928368716,0.01953780225463574,0.2140973552857916,0.12432918111888462
N2,0.011272592849436975,0.824693894526182,0.05587092844654915,0.05806416047616089,0.050098423701670974
N2,0.013357895721351426,0.6782549789679343,0.2365167651364117,0.04244045563085027,0.029429904543452255
N2,0.012636092772608963,0.6012818288306778,0.2600304945027965,0.05132543770243132,0.07472614619148535
N2,0.038044703383528146,0.5803212040054371,0.053310618251117735,0.045117151025526485,0.28320632333439055
N2,0.016681434077966628,0.6467317030935963,0.2699157258774058,0.008749108811301644,0.05792202813972964
N2,0.009745431412916079,0.747858135623623,0.20135352092801997,0.006003507903502921,0.035039404131937964
N3,0.008268930994060762,0.3751966745358094,0.5774888995492445,0.003106492012555764,0.035939002908329534
N3,0.0033263051553462067,0.37212473711902844,0.6056195959643673,0.0016274023831773265,0.017301959378080836
N2,0.008395991734913935,0.5072925652773492,0.46159443651724513,0.0019289964662846987,0.020788010004207085
N3,0.0038835747913679845,0.3263213406592634,0.6566388688791791,0.0016677943654631931,0.011488421304726206
N3,0.0024739440049388285,0.2631303631169276,0.640258277377969,0.0509774373395921,0.04315997816057244
N3,0.004140714229699532,0.31619551593205975,0.6489887016686616,0.0035929185090536678,0.027082149660525523
N3,0.0012691888978408083,0.21076279834306624,0.7650164391294854,0.0012263637705454869,0.02172520985906198
N3,0.00036050573257483527,0.08231155592103565,0.9144037934706336,0.00023747482297784562,0.0026866700527780566
N3,0.00031277630271453135,0.08069105560264271,0.9163852459056585,0.00017202729918696665,0.0024388948897974853
N3,0.0007881906988020432,0.18301210559005626,0.7671267043005764,0.00040227782270230785,0.04867072158786304
N3,0.0004470048146199211,0.12621239965354156,0.867662869483289,8.566719670597866e-05,0.0055920588518435545
N3,0.0009762225361139611,0.2673893646543574,0.7115349081580266,0.0002640880670792443,0.019835416584422845
N3,0.003097917971416943,0.26869626412380054,0.6937164620522477,0.000793109700269924,0.03369624615226484
N3,0.0004671776961137457,0.08280237878550907,0.9033688127240124,0.002330258416530693,0.011031372377834223
N3,0.0005490821866315544,0.09706113191987759,0.8875831703967542,0.003353049392926805,0.011453566103809905
N3,0.0011831518183738447,0.2969403653957617,0.6759658942482614,0.0008961637246789717,0.025014424812924138
N2,0.006607370496407423,0.5770793674189993,0.36550372954113364,0.0032522614888989766,0.04755727105456068
N2,0.012483083776767503,0.7348687658757117,0.22064227288297547,0.004713384507085528,0.027292492957459953
N2,0.009755408521822268,0.6161705585877113,0.35381253552193254,0.0013564790997361595,0.018905018268797535
N2,0.045005558054083475,0.7985094631452248,0.09830755641593716,0.009396462475628815,0.04878095990912588
N2,0.040549382577970965,0.7767525985550776,0.07108661485156036,0.024399586288907683,0.08721181772648344
N2,0.04289220482145816,0.7219107531588811,0.01600606068577809,0.10513223358633253,0.11405874774755013
N2,0.12413870073016996,0.668591975592678,0.026901395390957154,0.047924923277514714,0.1324430050086803
N2,0.030801044545539127,0.6725689823410079,0.17773638242211817,0.04895506430898111,0.06993852638235362
N2,0.04674894504801931,0.7650677419789327,0.11951092837217792,0.018119183655277635,0.05055320094559262
N2,0.01944235407404683,0.7870800179204598,0.10520604266633844,0.018151726594241073,0.07011985874491411
N2,0.010547760284404559,0.832697264723145,0.08982259255786713,0.02188172359128082,0.045050658843302505
N2,0.008357596788810408,0.731014864838261,0.22575332825710298,0.00403512323392933,0.030839086881896342
N2,0.010756620188294486,0.7348326569110992,0.2166000167090381,0.012223124581662208,0.025587581609905857
N2,0.004869399000790306,0.6205822573752315,0.34942501257764635,0.009374872011963655,0.01574845903436821
N3,0.0031432589617159164,0.23210878747583327,0.7510529640024447,0.0029670849233344636,0.010727904636671847
N3,0.00386881488504555,0.4047964837867027,0.5692949776633658,0.0032211617293658183,0.018818561935520225
N3,0.005183482284068778,0.3231144946355701,0.6508750984002465,0.006535746202620612,0.014291178477494114
N3,0.001538782099751235,0.25896516545240994,0.7263213669742192,0.0046896874005655734,0.008484998073054102
N3,0.001984201554342106,0.41527915448880093,0.5590078338446637,0.005802242121770072,0.017926567990423328
N3,0.0007962500359821481,0.08988204843322777,0.9058957181188899,0.0007633873089992912,0.002662596102900907
W,3.99099244326637e-09,0.2583602394210632,0.20458030150084722,0.0810362250678399,0.4560232300192572
N3,0.009368201154190481,0.2677079548075214,0.6404065636612096,0.02464267531330174,0.05787460506377675
N3,0.009559806428283656,0.28402311814257275,0.6584825081873971,0.001260259506308361,0.04667430773543804
N3,0.012047810724801976,0.3415760402630197,0.5856312416137942,0.000939250394644776,0.0598056570037394
N3,0.0008571331821620659,0.11281169147296537,0.8806937177085995,0.000276140534501572,0.0053613171017713466
N3,0.0004967268175023359,0.10414385520328703,0.8907217405533131,0.00013303960977610355,0.00450463781612157
N3,0.00023996560635452046,0.05571325822463035,0.9426145678330168,8.107369005713229e-05,0.0013511346459411642
N3,0.000938548005013245,0.30623496844283554,0.6823338012440509,0.0004473507027226811,0.010045331605377766
N3,0.0031984388456277745,0.330052542731049,0.6136279616776599,0.02166856865541007,0.0314524880902532
N3,0.0006959547514421499,0.15611986496080715,0.8354415680864702,0.0007192715111988655,0.007023340690081623
N3,0.014023611309022115,0.20087788724248834,0.6792335429574408,0.02230556755390525,0.08355939093714361
N3,0.000618735386337012,0.10436199412114164,0.8886772167917474,0.00035571101110070595,0.005986342689673171
N3,0.0008729084369522765,0.11546602295724559,0.877277000712479,0.0005666629850772102,0.005817404908245724
N3,0.007951332701127847,0.11587620725111027,0.825951684356452,0.0016186505008856974,0.048602125190424235
N3,0.0006458927894661497,0.0824720387991125,0.9063665602652857,0.0037380319018798618,0.0067774762442556905
N3,0.0002991430785661689,0.08684949177432855,0.9090967576874001,0.00016184747369129085,0.003592759986013927
N3,0.0007475232219910548,0.1160195168604327,0.8733720467394712,0.0007958502472494073,0.009065062930855834
N3,0.00023275980802853576,0.08288540209507667,0.9140807603749486,0.00028254422164765745,0.002518533500298628
N3,0.0033003257437939993,0.14642970623456994,0.8193416860381043,0.0079585427021708,0.022969739281360948
N3,0.0006908753532959336,0.10424586940083641,0.8861407372574913,0.002500309563934587,0.006422208424441901
N3,0.0010302968314983413,0.18583509802713752,0.804703353890151,0.0007892672026181563,0.007641984048594939
N3,0.0014400761998879293,0.16280804793401973,0.8131861945653677,0.015546714577075033,0.007018966723649592
N3,0.0013860877207247802,0.1953382710674716,0.7975268856917543,0.0005853546190079745,0.005163400901041334
N3,0.0024745520046080154,0.23597606093102924,0.6795065990951329,0.056918732395918395,0.025124055573311557
N3,0.002071018401451289,0.21651314344126638,0.7719858417402892,0.002265565196294009,0.007164431220699168
N3,0.0005791152902697287,0.10931236429818471,0.8811722738750952,0.0056417480005452585,0.003294498535904881
N3,0.0010026888369008462,0.24787602307090387,0.7441246394584609,0.0009370301280014916,0.006059618505733143
N3,0.0008013943940390619,0.21402884476111686,0.7737596599906776,0.005501776264841912,0.0059083245893246095
N3,0.0007978355407760733,0.19744548070943355,0.7919028155214987,0.004309371976854867,0.005544496251436966
N3,0.0002603344181500923,0.12584955844869164,0.8653175023838546,0.0046336683845054115,0.00393893636479816
N3,0.0005160635972405784,0.12782690880963674,0.8521649411871841,0.012604546938313936,0.0068875394676246645
N3,0.0005266777051747523,0.19818459491644114,0.7933426115048157,0.0008267007231226643,0.0071194151504457934
N3,0.0005569154667101503,0.21319477131870032,0.7786171374832912,0.0010305742792659737,0.006600601452032137
N3,0.00031374936239099346,0.1039953288103554,0.8897571671746082,0.003663425064244856,0.002270329588400519
N3,0.0007309715587949226,0.14448371743045788,0.8474820722624862,0.0048220463651743135,0.0024811923830866307
N3,0.0003822969056489275,0.12192797142437578,0.8676843096876837,0.006701469018397631,0.003303952963893998
N3,0.00024410614790370123,0.09905105935304305,0.8920103403109034,0.005079318332631431,0.0036151758555182474
N3,0.0013377277713744245,0.1999351731886221,0.750195104813219,0.03724127439203855,0.011290719834745848
N3,0.002759140042315059,0.42095830985845056,0.5493615089160768,0.011235071194271334,0.01568596998888624
N3,0.003144557586160843,0.4516582003342951,0.5229409354923851,0.010692672006042351,0.011563634581116472
N2,0.007632700968661815,0.48050945700986486,0.460025849219767,0.030693126623054068,0.02113886617865231
N2,0.022512639911682893,0.4554473124109439,0.12177103588500736,0.16291622854906113,0.23735278324330475
N2,0.007374513406934715,0.626642691696126,0.32744003854776227,0.0071462514235080465,0.031396504925669096
N2,0.01195229674512731,0.8437179937415906,0.0969303759166768,0.013501372848860592,0.033897960747744496
N2,0.021341051503658264,0.7763684560913918,0.12072509455372388,0.013075840716747493,0.06848955713447852
N2,0.03173532430308855,0.7802068270321528,0.1526134944552096,0.011230132555640534,0.024214221653908515
N2,0.009912982231165985,0.76473203048119,0.19358663866524622,0.009048920276613118,0.02271942834578472
N2,0.01477312985076661,0.41403798928266344,0.2531007158141062,0.27612597160652086,0.0419621934459427
N2,0.010008831218916044,0.6646188957958593,0.2076571905228927,0.055182410963215085,0.06253267149911693
N2,0.011829512256742966,0.7241291482504054,0.06557933737477706,0.08903681306993702,0.10942518904813746
N2,0.011248928960755845,0.7867463113240215,0.03276063779755786,0.0838811273231016,0.08536299459456317
N2,0.02918762441003723,0.7607101330889419,0.061368859741116596,0.039968534447872725,0.1087648483120316
N2,0.03467503195534133,0.7975832350009642,0.07532609114263225,0.03848636394614498,0.05392927795491734
R,0.028584816475224904,0.2519159373529686,0.018786478471206913,0.552430602499572,0.14828216520102755
N2,0.011685658481407277,0.6594662019441441,0.06770037812561469,0.028991302416205428,0.2321564590326285
N2,0.13249187803763085,0.5750242171258794,0.02982186759133999,0.07678366702072667,0.1858783702244232
N2,0.10878120020045445,0.637970670130419,0.008030392032010196,0.03159336263735868,0.21362437499975778
N2,0.017153686052158695,0.7542946162109107,0.0076045750019949334,0.022215486578719995,0.19873163615621592
W,0.10429779890470124,0.3636377863655731,0.0027499937918109047,0.06951747898157494,0.45979694195633974
W,0.025150458212764626,0.134796844716895,0.01802595116882739,0.027635239862749926,0.7943915060387631
W,0.037465211505848126,0.09099767376188046,0.022047614654219887,0.05068483610637215,0.7988046639716794
W,0.1302058620471791,0.263788987821908,0.02014732541494882,0.15157007431965908,0.4342877503963051
N2,0.07306234921160835,0.488039290823718,0.03930151290592372,0.08195209489298616,0.31764475216576366
N2,0.05483691513079947,0.7073370741070368,0.00861039327133798,0.09859828181518536,0.13061733567564035
W,0.05703726147994823,0.2545256723038573,0.0031179067304025502,0.03792760719507549,0.6473915522907164
W,0.05700497717691025,0.2645304777117056,0.006145532707194524,0.05995478949984987,0.6123642229043397
W,0.06687783967532052,0.07703464252061434,0.0043567595249196355,0.02608159882340035,0.8256491594557452
W,0.25436452796156556,0.18678132926366517,0.010508051343225924,0.06348079769678328,0.4848652937347601
W,0.19070567360053295,0.06905756085299868,0.005909235765889606,0.20240971653429946,0.5319178132462793
W,0.1336660096581002,0.13973638072454536,0.0038078082882251406,0.23102714917455228,0.49176265215457704
W,0.00022504878931388283,0.0007438506306200964,0.0002825767774499195,0.025286453424747127,0.9734620703778689
W,0.01147902791710972,0.0030803873251785447,9.479922718168438e-05,0.36655233079231986,0.6187934547382102
W,0.14050240608076286,0.011587312991774264,5.36962033451536e-05,0.028577518528283326,0.8192790661958343
W,0.1668485079197628,0.04167215473214787,0.0001512984499083181,0.0844145143779634,0.7069135245202176
W,0.3496902526055663,0.009186996499683367,0.0002153555932371202,0.023638538419567742,0.6172688568819454
N1,0.5289550791278463,0.02809480562509243,0.00032487088396676285,0.04022361668133276,0.40240162768176174
N1,0.5249484022614014,0.05814143204961446,0.00040637614161576936,0.05411958692892246,0.362384202618446
W,0.22525225263487098,0.19572253736370201,0.0003828941073871001,0.023460285135871523,0.5551820307581684
W,0.24862717813212354,0.13322878340392263,0.00044703225216866874,0.049506545431255794,0.5681904607805295
N1,0.4641383949811226,0.2066049730112155,0.001717358737247397,0.0361906434744252,0.2913486297959893
W,0.08556032748290242,0.3727534101597806,0.004466421186611716,0.058985248038732827,0.4782345931319725
W,0.2594955249275516,0.05438426363425062,0.001835821352099843,0.028890639385831886,0.6553937507002661
W,0.28267265696505,0.0692925234371578,0.0014331608128660565,0.02862484787370304,0.617976810911223
W,0.21430003357070637,0.1058135760103358,0.00651293499830628,0.03843084448457114,0.6349426109360804
W,0.27912531383728073,0.06356330458152905,0.005254527777338815,0.02806852975158827,0.6239883240522631
W,0.32398206599951745,0.05731279354547016,0.0019372864111484318,0.024384818907763145,0.5923830351361008
W,0.3613118785931024,0.11315478101030882,0.0025034144607694107,0.025449982279687245,0.497579943656132
W,0.2094156049152095,0.11709899559008671,0.0014289176506922028,0.0156331317128545,0.6564233501311572
W,0.3458704126099884,0.11891733709481282,0.002222580034671212,0.03500452270418028,0.49798514755634715
W,0.13083728939152828,0.07970915088030335,0.002638645924631727,0.017303817052786503,0.76951109675075
W,0.17140412689404314,0.03719949051708991,0.0002868043138811337,0.019448516522850578,0.7716610617521352
W,0.1958139041927566,0.06525415912209602,0.0013570528076207516,0.030515161530863012,0.7070597223466636
W,0.1706322194937054,0.15077170730444892,0.0018781749794118626,0.024541395875431447,0.6521765023470024
W,0.21864722124751107,0.10442297885322525,0.0022728883959323883,0.030516485336400757,0.6441404261669305
W,0.2348095427036033,0.1385288752497668,0.0014908025074337296,0.034352875228922455,0.5908179043102737
W,0.09885910065343123,0.23197999625581064,0.0010608417793131156,0.035641018359730256,0.6324590429517147
W,0.06383559951717675,0.20722222446071717,0.0026537128305366294,0.027761279686915857,0.6985271835046536
W,0.033741605855099235,0.1468105232590109,0.0019611880302199446,0.03048601024837094,0.787000672607299
W,0.14351548152722854,0.06865354982855122,0.00018395153561178026,0.030485642917776605,0.7571613741908318
W,0.24354066783247283,0.08958032637616957,0.0008406970981121605,0.048410295834262485,0.6176280128589828
W,0.2419794024375791,0.06267539698733791,0.00024382666902171373,0.0758168906970781,0.6192844832089832
W,0.23572781611589927,0.08661193573581256,0.0008978912805456021,0.07695581867331125,0.5998065381944313
W,0.0967964485366565,0.15100081680131966,0.0008321127366616034,0.06385775134143916,0.6875128705839231
W,0.13885322690141025,0.03794774910859248,0.00045193492613563793,0.0580922411887351,0.7646548478751266
W,0.11955829201629445,0.39981966624959864,0.0017397168062317648,0.06022097226998702,0.41866135265788806
W,0.14141599973594865,0.07859389522345998,0.000687584078715379,0.06520908376342273,0.7140934371984533
W,0.05461771500118839,0.33049500120574743,0.0006144135884132059,0.01649698192144814,0.5977758882832028
N2,0.10237024012917507,0.48660614054585205,0.0007057185687369054,0.028075243465999117,0.3822426572902369
W,0.19132474957838758,0.28502168498863273,0.0016256631045280594,0.09488712465893033,0.4271407776695213
N2,0.12751713989290533,0.4766838098177598,0.0032021178157176197,0.10354730914341428,0.2890496233302029
N2,0.10178579321489944,0.4643362011959474,0.0023956421196998355,0.13779803665371249,0.29368432681574075
W,0.1108971052829396,0.319719940140752,0.002829863105424338,0.1922366174960029,0.37431647397488116
N2,0.24993756444240295,0.2866577815758657,0.0010475083467455827,0.1979416441969469,0.2644155014380389
R,0.17067604418815574,0.3394775412145246,0.001740347854605729,0.34787615609825906,0.14022991064445484
N2,0.07501784597367307,0.7231477585557653,0.0017679947948807402,0.14412161459297115,0.05594478608270954
N2,0.15312637627426381,0.5316312376921453,0.001752729430728069,0.21602177671199865,0.09746787989086413
N2,0.1791853888510789,0.48115333331535276,0.006210268323461653,0.1911174884080231,0.1423335211020837
W,0.2510957474311025,0.1706630765284103,0.002110563370917782,0.17685767888808074,0.3992729337814886
N2,0.10691898035185309,0.4354032953719718,0.0034302467374724833,0.14319521438039126,0.31105226315831147
N1,0.3041315110734749,0.2850716100635408,0.0006628968307715033,0.1295121682104624,0.2806218138217504
W,0.2750336360122276,0.2295000537766805,0.0005422299828632719,0.07012103309382002,0.4248030471344086
W,0.35753567136732683,0.060789467313474545,0.0003974709913958281,0.07485277134086296,0.5064246189869398
N1,0.3953747137728813,0.12128466386565179,0.0005241361450357149,0.11259210429091455,0.3702243819255165
W,0.06363424469182,0.1204114781077927,0.0024685092095011515,0.1321793645600806,0.6813064034308055
W,0.20230169666130715,0.1830156369307207,0.0003093639626932517,0.09206835834117896,0.5223049441040999
N2,0.3435185859126958,0.4347035427710356,0.0011888130108011234,0.10262110884013532,0.11796794946533215
N1,0.37610227946958175,0.33616799656072055,0.0013837445363127654,0.12816791408503084,0.1581780653483541
N2,0.19975232314680544,0.5948484581090439,0.0029059843146554453,0.1470924676670216,0.05540076676247368
N2,0.14992602781426326,0.6633927946480088,0.0014526256215067897,0.1401202246298781,0.04510832728634307
N2,0.12851922258995108,0.6882524415207829,0.0009244516810107032,0.14477563548330266,0.03752824872495266
N2,0.06881123645744647,0.7245316553743708,0.0013349022627854761,0.17060501960281868,0.034717186302578584
N2,0.15942521415605154,0.47105564467039224,0.0010207963701144654,0.28846310174359835,0.08003524305984348
N2,0.04484491519304985,0.8560442002247531,0.0015890675195112584,0.08231433100728251,0.01520748605540328
N2,0.25458564463754996,0.42911274248470455,0.0008282609834059354,0.24631344934013943,0.0691599025542001
N2,0.10053419013266908,0.701954769845854,0.0018576506043291592,0.1687475456718717,0.026905843745276117
N2,0.1306172482068496,0.6473460355546522,0.001084313299983017,0.18293154563498107,0.03802085730353411
N2,0.1751028242385244,0.5681594329231082,0.0015722267570837463,0.18759905815738345,0.06756645792390022
N2,0.2697321377694125,0.40615750361815417,0.0009910523372054834,0.21810348413442923,0.10501582214079863
N2,0.1543872709434994,0.531048899782882,0.002357782846086248,0.24274682669255504,0.06945921973497732
R,0.1498988306728549,0.3581938810393933,0.0008041332442824008,0.3628924271765853,0.128210727866884
R,0.1757133096567811,0.3409658503600133,0.0010865478632703597,0.42220431177917683,0.06002998034075827
R,0.11378871613714102,0.31623472415984344,0.002458607833920382,0.44227027494470633,0.12524767692438898
N2,0.08461473835906559,0.822609990057925,0.007495527160166449,0.040024387111623955,0.045255357311218755
N2,0.07472417119822938,0.8283932097711126,0.005029773863339193,0.021645374398033535,0.07020747076928542
N2,0.028011817930514837,0.8611712641209254,0.003119486961946237,0.005156876577812678,0.10254055440880083
N2,0.09319725998888942,0.8199589863747311,0.0012800798197318828,0.011380185794099322,0.07418348802254818
N2,0.0803727025500819,0.8625357758220928,0.005815947493573013,0.0062721829810386005,0.04500339115321359
N2,0.08002439861621995,0.8907974272047092,0.004106257759846815,0.005343254663372152,0.01972866175585163
N2,0.056616210077464,0.9101112622056726,0.0011159152437969942,0.0025897985222091417,0.02956681395085714
N2,0.04182132254795829,0.9378557131549194,0.0035628873901405863,0.005299926699953268,0.011460150207028246
N2,0.04267260565110118,0.9272856618147234,0.0038973390921131805,0.008356694439238355,0.01778769900282386
N2,0.04387672670450155,0.9380760817214636,0.0028754589557721598,0.005827801181501836,0.009343931436761155
N2,0.03415435762181087,0.9317654117136743,0.004585552976494524,0.007123313609946785,0.022371364078073646
N2,0.03381920680243114,0.941642771261099,0.0022047862026720946,0.0067332202214866604,0.015600015512311074
N2,0.05846353595923211,0.9029963466581338,0.00423173411506854,0.017353605805837665,0.016954777461727744
N2,0.07995597877843257,0.8539555153167194,0.003177742179117072,0.028490869149715676,0.03441989457601531
N2,0.0366013027869453,0.927154028597645,0.01013138768189977,0.007522838140856989,0.01859044279265302
N2,0.03755466558401433,0.9058324861525537,0.012967918365180952,0.011267371958845938,0.03237755793940508
N2,0.008978452641167915,0.9441195201938213,0.021460531042566205,0.0038414621405373417,0.02160003398190737
N2,0.03158221105198302,0.9382524400615188,0.00921100157135427,0.007519057463555447,0.013435289851588624
N2,0.03571516912183403,0.9377090598197817,0.009456478898592477,0.005610729781220857,0.0115085623785713
N2,0.021812182515789393,0.945175079742106,0.005094374155676713,0.006964078607320539,0.020954284979107368
N2,0.023918031682232475,0.9382242740687122,0.0025478443487411675,0.008573317072628596,0.02673653282768528
N2,0.007454468971248335,0.9649173021708048,0.007363821491329127,0.0018912735878397183,0.018373133778778004
N2,0.013791605893964522,0.949018251809761,0.011059085665914193,0.0025054614875302883,0.02362559514282991
N2,0.006426686708150695,0.9471531547986025,0.02156800025316877,0.002083122122597642,0.022769036117480594
N2,0.01310006756026442,0.8433924586348976,0.0675555822246111,0.0010234730577974467,0.07492841852242924
N2,0.044008340409576185,0.8895754260746398,0.043031696860983,0.0016163977134112252,0.021768138941389764
N2,0.005474185763728666,0.8149738015076917,0.17124771130597993,0.0005750060373063646,0.007729295385293359
N2,0.035252400035097484,0.9012045694591833,0.051239470845911954,0.0009191664408044759,0.011384393219002763
N2,0.03175578975816365,0.9044185105356972,0.029931344034736785,0.0013762397127927168,0.032518115958609664
N2,0.007953782561380789,0.929612770636213,0.05008779324160393,0.0005659482885845502,0.01177970527221795
N2,0.02148611211018106,0.9248686790831162,0.03097561083064701,0.0018996145205278326,0.020769983455527958
N2,0.014241465999669242,0.9154120846442527,0.03678684205758908,0.00189067386922337,0.03166893342926555
N2,0.008357696240994946,0.8603809107328855,0.11720957501783776,0.0013947069366297277,0.012657111071652127
N3,0.0035046438103991276,0.4926231155144237,0.49384470930382707,0.0007523125133713624,0.009275218857978699
N2,0.026094778488276762,0.7035655661482427,0.26027880562520755,0.001589141586407833,0.008471708151865244
N2,0.02479133277833363,0.8756921958220785,0.09364265779048743,0.0008672151315831047,0.005006598477517179
N2,0.005152957103030329,0.7682900191473043,0.22186059380342704,0.0003135326739824278,0.004382897272255938
N2,0.009625887986025934,0.8910784964471846,0.09030374638387145,0.00033652011253803183,0.008655349070379958
N2,0.02289173374956581,0.922394130631907,0.04892664708508811,0.0004885111394023601,0.005298977394036545
N2,0.016967369117890305,0.7733010448094839,0.1923933782564873,0.0021308501095037213,0.015207357706634773
N2,0.006766806310475011,0.862509099598713,0.12397817521944252,0.001099657742960105,0.00564626112840916
N2,0.01035772542766739,0.8114413609418341,0.170120928476673,0.001219878864903271,0.0068601062889222224
N2,0.014288068655594632,0.8988591887258487,0.07784998196894449,0.0011559011685058462,0.007846859481106281
N2,0.00832175262024459,0.6848650119918361,0.29958507494028713,0.002384403388241418,0.004843757059390633
N2,0.015008703158998415,0.861575152484376,0.11253219450982246,0.0018136377611583953,0.009070312085644875
N2,0.01967057712679168,0.8674291347407079,0.10439636227818912,0.0010060447062025712,0.00749788114810859
N2,0.006424861383235003,0.7344801603307076,0.24979890918997,0.0015704929701897863,0.007725576125897704
N2,0.003530882606608277,0.8330526412262765,0.15020541754792827,0.0024175079714909616,0.010793550647695958
N3,0.006373436016954214,0.22746048464300514,0.7597046911845367,0.000422440319266677,0.00603894783623735
N3,0.0023719762455527943,0.1966520443787312,0.7136891473049494,0.0007897060745724268,0.08649712599619415
N2,0.020655077474088464,0.5305199040166255,0.35589762425817184,0.0007065318361402817,0.09222086241497399
N3,0.012313966499394115,0.31478522965737765,0.5296153052417866,0.0008373708121182385,0.1424481277893234
N3,0.004033581346537003,0.18473616426591813,0.743020384753347,0.00041837952190425557,0.06779149011229373
N3,0.0021741426935096633,0.12497492320908647,0.8123500683548236,0.0002567114795327908,0.06024415426304738
N3,0.0029905730884810526,0.08310357100311534,0.86329959975835,0.00029298052552450724,0.05031327562452901
N3,0.0165444127232331,0.3819937128508968,0.4174223261023144,0.0012659155628099929,0.18277363276074565
N3,0.010822234271084943,0.29702728166531256,0.6317295883132704,0.001086132239466303,0.05933476351086576
N3,0.0028676997838352515,0.12153627229463275,0.8595896905886947,0.0003163946308509123,0.015689942701986294
N3,0.0035348960588536937,0.21050806990677967,0.7657302385899553,0.0004070614121482194,0.019819734032263257
N3,0.00037680583131515335,0.0682603910350158,0.8956489631605664,0.00022424632467161616,0.03548959364843092
N3,0.0006503529012257103,0.08912375641045377,0.8794847469811524,0.00022755504394945768,0.03051358866321857
N3,0.00036165867825552276,0.04649828684789538,0.9121911854510573,0.0004916718449704757,0.04045719717782139
N3,0.00023029706682422375,0.031191192480682077,0.9504311541519064,0.00035122569886213704,0.01779613060172511
N3,0.0001635901600641229,0.020497437847200893,0.9537327411978107,0.00015307883547016222,0.025453151959453982
N3,0.00032382945230556706,0.044572227110017834,0.8995280862841024,0.00036996590291853767,0.055205891250655635
N3,0.000505345088587444,0.018631925704804948,0.9628239732793391,0.00013801328927185244,0.017900742637996698
N3,0.002175024188633141,0.05758599186060538,0.8318983818944697,0.00036672162696371036,0.1079738804293281
N3,0.0013808014490009099,0.04257167403060158,0.9191036152564075,0.00040871032116419307,0.03653519894282575
N3,0.01821281785081171,0.1412924498845935,0.6691703727607028,0.0033797680831213544,0.16794459142077067
N3,0.0018227848392993818,0.04893416135229594,0.9063933882563613,0.0003218404532654137,0.042527825098777804
N3,0.0009755620026816288,0.032534385465367056,0.9502408988096818,0.00018324716907737668,0.016065906553192195
N3,0.0007854438220807713,0.02939621576565387,0.954268908766087,0.00021575594463583487,0.015333675701542255
N3,0.001948829838943331,0.11629247505577547,0.8028345752431864,0.001087469775873685,0.07783665008622132
N3,0.0008652550699523071,0.024921528866641375,0.9556862728597466,0.0003292224667244785,0.018197720736935114
N3,0.0016431751089300366,0.20778557022582944,0.7499161140255843,0.0004321420417088384,0.040222998597947326
N3,7.456947862986526e-05,0.012303776454498776,0.9827217120509634,2.345301142898997e-05,0.0048764890044790685
N3,0.00016505528202136,0.028888234583322677,0.9629539848762211,6.161046658116712e-05,0.007931114791853744
N3,8.879942801474435e-05,0.017543538525014505,0.9721688838480679,7.260917928625679e-05,0.010126169019616733
N3,0.0001292947425676091,0.007996384352648472,0.9823613120916724,0.000170104160931244,0.009342904652180344
N3,0.0002273519317884339,0.019995990834747297,0.965750539947543,0.00029566223621611235,0.01373045504970519
N3,0.00010188039113811816,0.017588146059804282,0.9733997494499456,9.85382103473524e-05,0.00881168588876461
W,0.030713245484245755,0.07776566501568351,0.004286854450647524,0.036598443636750945,0.8506357914126723
R,0.014824497720994378,0.002715513034059242,9.401394263041056e-05,0.5477798933197129,0.4345860819826032
W,0.0207277430360298,0.0019090758821145772,0.00013327246788106165,0.026870386216448088,0.9503595223975264
W,0.40135448107862753,0.06129327522002871,0.00011752336864294858,0.02257873862918814,0.5146559817035127
W,0.10195215683264182,0.19360965338549083,0.001485854672871422,0.01422106379878438,0.6887312713102115
W,0.048532353364442234,0.09172274354018889,0.0009563204703281995,0.013981563040526834,0.8448070195845139
N2,0.1749161800202433,0.5160802719944656,0.0006981002544409634,0.20518482988349432,0.10312061784735592
N2,0.25770942149957365,0.4167570943553556,0.0007474787376189294,0.17420670795626178,0.15057929745119003
N2,0.2263434093543236,0.562078802514277,0.0010786583878726755,0.11229713395547447,0.0982019957880523
W,0.06725282988762414,0.4024659698803757,0.001485520680997565,0.05724944542630777,0.4715462341246949
W,0.012951047701077611,0.035399845360576526,0.001485385721545333,0.007926224066830785,0.9422374971499698
W,0.04840252045285242,0.06136490942075177,0.0009153892558398574,0.010269106452968468,0.8790480744175875
N1,0.4212341478129071,0.21584826604655674,0.0005531483359345066,0.029072649021283002,0.3332917887833187
N1,0.38258586960825197,0.23442019479573917,9.96874433524173e-05,0.012769462840196939,0.3701247853124595
N1,0.42176343951227846,0.2967271456722811,0.0031126566325022226,0.05926568113666234,0.2191310770462759
N2,0.16520678234634203,0.5421449633628126,0.00016440095921135196,0.23248232114766226,0.060001532183971654
