Stage,N1,N2,N3,R,W
W,0.0070647193730854745,0.00015976419986477153,4.623254123546329e-05,0.00010423883131924372,0.9926250450544951
W,0.033457029457433576,0.0641192464920416,0.00024506589405054463,0.007609585142234438,0.8945690730142398
R,0.011975892967347305,0.02487515864780042,0.004173377962187032,0.6351144925477058,0.32386107787495944
W,5.735662300857245e-55,1.3715097932050254e-06,4.508656288400129e-08,0.00013506662306644228,0.9998635167805775
R,1.5252016245541434e-50,0.030549258552483565,0.0024677362770740012,0.7924964733169937,0.1744865318534487
W,0.008816765771805558,0.11846739234928066,0.006430096750161037,0.04859976684053944,0.8176859782882132
W,0.07606335246918133,0.12116401880958212,0.004974290993203945,0.04461575838304554,0.7531825793449871
W,0.0196157671275791,0.10023869781831987,0.009037897055779523,0.1463320593047753,0.7247755786935463
W,0.091139160932324,0.09774590495760181,0.003689211637705032,0.003748704047507221,0.8036770184248619
W,0.0544439861710336,0.03103282920625164,0.003015464056948404,0.0012376721903503123,0.9102700483754159
W,0.04180648412284486,0.028573295532109383,0.0077636843075083685,0.0012502931102931038,0.9206062429272442
W,0.14354739570135613,0.07683530463325902,0.01887440541061307,0.003861799737789575,0.7568810945169822
W,0.015201108850237004,0.0747176391260385,0.012880335136096285,0.007468909066067309,0.8897320078215609
W,0.03004424780543649,0.08721122169921061,0.004547923128356915,0.10355613689519858,0.7746404704717974
W,0.009393128671827823,0.0362110395237376,0.0009677804287811107,0.018886586680718236,0.9345414646949353
W,0.02662490212348019,0.03431669267052904,0.0034559632291016576,0.028974653225221296,0.9066277887516677
W,0.03418321451548601,0.038924429534943836,0.0024732112946194524,0.02170256475787015,0.9027165798970805
W,0.016611481037150336,0.021031768236339468,0.0021728606411013265,0.015096944610792553,0.9450869454746162
W,0.01410261752752642,0.027364395004378504,0.007194273758947206,0.4186880038756957,0.5326507098334522
W,0.015065116235233182,0.11621846850696735,0.035892179719863034,0.36431320649239995,0.4685110290455365
W,0.013373206521361725,0.04232822775248224,0.02006447881795621,0.0023201257766214786,0.9219139611315784
W,0.034874861585183776,0.014861512019329691,0.0003471187657491753,0.004462369713475561,0.9454541379162619
W,0.07306556599471428,0.048693792569607486,0.0004951669475724489,0.009004753201432953,0.8687407212866729
W,0.1330408278395636,0.16201557621637025,0.005783561905537895,0.0034514679221365114,0.6957085661163918
W,0.1902479442396076,0.29176074951672976,0.004458147781503816,0.021122905425620644,0.49241025303653807
N2,0.2244454210072827,0.590343470410895,0.021182905941594613,0.101385069623635,0.06264313301659256
N2,0.06010496584957584,0.3756037190954531,0.11047251929937078,0.13179165430598183,0.32202714144961847
N2,0.1150026166478732,0.5234528473148395,0.02705170023636275,0.023748904275965526,0.310743931524959
N2,0.3926091612949744,0.4463916967875346,0.024797709125791857,0.07020608747154782,0.06599534532015125
N2,0.18480151148015997,0.6071096660621205,0.07177534571304874,0.07756021731782864,0.05875325942684214
N2,0.05527623597948257,0.6472918934694102,0.12098071971055947,0.05656158847987764,0.11988956236067001
N2,0.040020960073132245,0.7509571693875764,0.12071076234724577,0.06026702972996615,0.02804407846207948
N2,0.06570908995438293,0.5852272893702916,0.06876428035863572,0.21394058820344478,0.06635875211324507
N2,0.048329910445918875,0.8154257899874121,0.03198775750175135,0.08679951918305702,0.017457022881860695
N2,0.03821727066004158,0.5104457901460046,0.1509337522734395,0.07993459129188771,0.22046859562862664
W,0.01683766246510919,0.11372965260202467,0.2576703473966339,0.022746553543021606,0.5890157839932108
N3,0.010129533085728303,0.21634501185019847,0.5452528647764797,0.03612225875177547,0.1921503315358181
N3,0.00814879073131099,0.06694077322449492,0.8261129022566648,0.011908709734317893,0.08688882405321158
W,0.019722929778918766,0.1787139500941163,0.16327128137170402,0.0601641052659192,0.5781277334893417
R,0.017606138819917738,0.10859893515762122,0.12700448707425074,0.4909489433714558,0.2558414955767545
N1,0.4613684248809356,0.10372346516042925,0.009976026290220241,0.018177259055727202,0.4067548246126877
N1,0.48761218533936007,0.1978655449881451,0.026542855958796532,0.04459239973301638,0.24338701398068205
N2,0.12272629295373252,0.7745391519635312,0.056733797945700055,0.017858223250957844,0.028142533886078323
N2,0.09130333204822808,0.8393053497911441,0.012651689604774904,0.020910114182176125,0.03582951437367673
N2,0.06565552870835542,0.8471709360963284,0.031950795927951706,0.018186243945716395,0.0370364953216478
N2,0.015295723259265568,0.9520090001253815,0.012940644906120676,0.0060823700139117105,0.01367226169532066
N2,0.09301817370977869,0.8340150711907789,0.027615753983794497,0.02265763352328625,0.022693367592361565
N2,0.23879128680324643,0.5760830436121855,0.025724181279644678,0.12403379514960863,0.03536769315531454
N2,0.13927755966892352,0.733311235144521,0.05768702630176007,0.053542264781621454,0.01618191410317393
N2,0.17063583238947758,0.7377365270745482,0.01916147049015285,0.04728691016825918,0.025179259877562025
N2,0.10365905746226672,0.807685169092169,0.03195165218145697,0.03080560789054649,0.02589851337356077
N2,0.10365012747823524,0.7638353959701679,0.05604707906933791,0.031373689159501665,0.04509370832275729
N2,0.05149245830366804,0.8354432209928981,0.0511331147638333,0.020277847102131485,0.04165335883746888
N2,0.023048427059517856,0.828892326206221,0.09469630497122848,0.029379910886145312,0.023983030876887537
N2,0.035928850409357116,0.8324996451690901,0.06067583236559261,0.039426664899423536,0.03146900715653666
N2,0.038781479468689636,0.8642793976674092,0.05358387224241951,0.01207550680448517,0.031279743816996386
N2,0.022772796330808694,0.5225095089765609,0.42009436118766363,0.01848473106119369,0.016138602443773156
N2,0.03711603568770861,0.8419394560986366,0.07369002352050909,0.027157451484222127,0.0200970332089234
N2,0.019624883537443245,0.8283464229689274,0.11881563862466282,0.016713940307603297,0.016499114561363236
N2,0.040810612517699955,0.8152980081371083,0.11076998758582138,0.018748078467925443,0.014373313291445087
N2,0.06298444826319244,0.6191465439767774,0.2607654012575109,0.03214834919824216,0.024955257304277136
N2,0.03534404989920484,0.6805571032077538,0.20113918944815556,0.06120650930590539,0.021753148138980594
N2,0.021719487891355863,0.612015685827331,0.2706259329914152,0.07108735015247283,0.024551543137425066
N2,0.004333462744162589,0.6737805384870995,0.24976063225178707,0.05759530826824379,0.014530058248706961
N3,0.0017600283100016676,0.43393928962230927,0.5417827001497,0.015139085131570256,0.007378896786418939
N2,0.0037526270556313946,0.6976712345726085,0.2658584563307677,0.013659236965868087,0.019058445075124344
N2,0.008095489518983152,0.6793408437777553,0.26637100023283283,0.012213969481651384,0.033978696988777334
N2,0.005042308132455043,0.5851546062364277,0.39132898191958554,0.007021839546700823,0.011452264164830953
N2,0.013407047389619498,0.8110447863141671,0.13703276410784762,0.01931509291909671,0.01920030926926914
N2,0.008971204291575266,0.8135855065897141,0.13343944389107623,0.02329141779844438,0.020712427429189866
N2,0.006405166140823354,0.7247075963444667,0.23221134778700064,0.024786269191762484,0.011889620535946773
N2,0.004119250567978271,0.7542092419277364,0.212678226563871,0.015137114656078343,0.013856166284336089
N2,0.004510295135787357,0.6728000348135821,0.2899485961586579,0.020619848811078714,0.012121225080893892
N2,0.01167915979815261,0.8158967834574922,0.10628569683246732,0.04454159311469888,0.02159676679718912
N3,0.0019020456510121756,0.3753669504793693,0.6043734537381588,0.01065380498595398,0.007703745145505824
N2,0.005447585899270019,0.7530004272989836,0.22037924027033193,0.009551887231783317,0.011620859299630923
N3,0.0028667596025494222,0.40965961052309047,0.5723624657062929,0.006551718844218997,0.008559445323848303
N2,0.005446821809246603,0.6462802995543313,0.3279867897086687,0.006768287565676504,0.01351780136207702
W,0.014288515212217566,0.21495497825912685,0.3189037220276972,0.07226401981040118,0.37958876469055725
W,0.0192669746298795,0.22719546872909308,0.03524397921019393,0.13467996779192015,0.5836136096389133
W,0.1272324760522174,0.3601072416405681,0.005701221241359257,0.017591400694653567,0.48936766037120166
N2,0.2007800622098666,0.4029754113468444,0.005061452205618816,0.06801541131910614,0.3231676629185641
N2,0.1949500787334079,0.506049951695245,0.025844987910526456,0.15683735399718007,0.11631762766364055
N2,0.1495336052477278,0.6820781234517571,0.0021775137769741676,0.09639386045945676,0.06981689706408406
N2,0.02033643980582133,0.8833484684536882,0.003417694646632246,0.03145260818002888,0.061444788913829484
N2,0.017911478468777782,0.8402533349405215,0.07206950523945839,0.026655073138976876,0.04311060821226541
N2,0.01733697007643853,0.8586469246436926,0.08632853666390199,0.012714526781659876,0.02497304183430695
N3,0.00688646485615408,0.46219729111028635,0.4819509489818456,0.010434130716096834,0.03853116433561698
N2,0.015647817751866307,0.8883833135210476,0.05425607219659966,0.014004321255148226,0.02770847527533796
N2,0.03208076578535255,0.8968045403395507,0.03430193749147123,0.013224491296368419,0.023588265087257185
N2,0.019297727992401533,0.8617291357506431,0.08401367678421272,0.004857121589757853,0.030102337882984706
N2,0.015491000565786332,0.8989521592720714,0.04833307946576346,0.003617173197964117,0.03360658749841462
N2,0.010877543387771782,0.7722633441734279,0.14512315693562255,0.004362243657281368,0.06737371184589655
N2,0.014503178263952449,0.7511229613295645,0.20415655116421114,0.006759043680560628,0.023458265561711267
N2,0.030698701903893465,0.880741407075835,0.03508896979424496,0.012506828889682289,0.0409640923363443
N2,0.013505236695571883,0.580347104671624,0.3205156783752863,0.039634613842192044,0.04599736641532583
N3,0.0033114957858118477,0.372245816066562,0.609430407518297,0.0015276465374337764,0.013484634091895369
N2,0.013933450026149203,0.8029980736348783,0.15978199998974332,0.0027364407669879594,0.020550035582241062
N2,0.005948910308279465,0.5265805823800503,0.4558566920190366,0.0019531362502619126,0.009660679042371624
N3,0.0028708309380815504,0.31319910541724033,0.6791991281448034,0.0007254337162282261,0.004005501783646391
N3,0.005905045867449698,0.30685110376130204,0.6809823427119115,0.0012897456741712864,0.004971761985165507
N3,0.007035135511359057,0.4002975510508962,0.5790187974270125,0.0036591713963715607,0.009989344614360603
N3,0.0037234636172195504,0.35597445487465745,0.6327819703049742,0.0027167214049443316,0.004803389798204564
N3,0.0028245481092266283,0.28797597086717747,0.7015603393942496,0.00374236775188497,0.003896773877461356
N3,0.005773279333663726,0.4794265023020306,0.5009285938872102,0.005157277094661272,0.008714347382434227
N2,0.010023117264427022,0.6122328744319108,0.3590413355191875,0.006806474047537455,0.011896198736937282
N2,0.011377088779452477,0.6958118625895648,0.2670358947419898,0.006722559428890047,0.019052594460102837
N2,0.008746529781007907,0.5313870331778756,0.4352902419863484,0.0054621132597196965,0.019114081795048452
N3,0.006441952093568624,0.4014400128376061,0.5775615270568267,0.004535474503561932,0.01002103350843654
N3,0.008339551799949158,0.4695385897728797,0.5001925385515471,0.006379322364065411,0.015549997511558628
N2,0.008649968345323687,0.637770525446284,0.33386536732696903,0.007848351800314578,0.011865787081108676
N3,0.006181674959651763,0.46370341437370033,0.5140754966903576,0.006083731971795799,0.00995568200449445
N3,0.004481783624155963,0.3296987402710392,0.6564445293965635,0.004284118889303683,0.005090827818937681
N3,0.003780214701939059,0.3382247888828523,0.6486434238949552,0.003015079574422129,0.006336492945831525
N3,0.005725306699486065,0.3312054001031692,0.6543995314454264,0.0031193615955378475,0.005550400156380491
N3,0.0027800324041350904,0.32032920209860277,0.6697256307132464,0.0018990996917272146,0.005266035092288393
N3,0.0021499728883036203,0.2638545775211237,0.7249479328309729,0.004134710281381608,0.004912806478218235
N3,0.00403640332387042,0.40741735562761355,0.5760118383794701,0.004281992188607199,0.008252410480438625
N3,0.001542100416131533,0.26919188041118247,0.7242232438314419,0.0021616717054578996,0.0028811036357861905
N3,0.0007818897244835155,0.2381026835259111,0.7585271596697075,0.0007756536158843439,0.0018126134640135216
N3,0.0007152090605681355,0.15789512675872627,0.8388178304175843,0.0007838711408838535,0.0017879626222374121
N3,0.002899961344661314,0.2856030096782049,0.7041510986053612,0.00194065277623375,0.005405277595538913
N2,0.02027098992498872,0.8581285815441537,0.09064595573363411,0.010033778509602189,0.020920694287621028
N2,0.07862208549246776,0.8485520606152048,0.009572033340939996,0.028360130444970343,0.03489369010641711
N2,0.0953924691206767,0.7497404409788577,0.011670963797374413,0.05232237581753441,0.09087375028555658
N2,0.13573788092779623,0.7987697493179207,0.0031572615744080543,0.015289847697754618,0.04704526048212045
N2,0.09028425422272579,0.7456196332561092,0.011084577035289091,0.026170917112885175,0.1268406183729908
N2,0.07928891863682742,0.702888952621303,0.007027865120716639,0.05891000836590492,0.15188425525524796
N2,0.09915533032498904,0.6695243715650131,0.006964054445442496,0.026081781169997428,0.1982744624945578
N2,0.2753527887405217,0.41169990523630395,0.001051360339727143,0.08675502599547791,0.22514091968796923
N2,0.09010463109106413,0.6758421390380284,0.0068608635672977045,0.05324842458264994,0.1739439417209597
W,0.028379666880932446,0.0710464509076027,0.027791278304801287,0.08098195722146677,0.7918006466851968
W,0.1512746314143215,0.17291768072702707,0.004551948223949786,0.01615556056092425,0.6551001790737775
W,0.19778249641948226,0.16065216967019982,0.0004964835703183378,0.01543153464321461,0.625637315696785
W,0.20409810515491877,0.27405298976915926,0.0007881704666059898,0.023557400605385085,0.49750333400393093
N1,0.35782047519880456,0.31034023862308296,0.004804042073040081,0.0513177827521232,0.2757174613529493
N2,0.19257877791794845,0.569708455851575,0.008825612470375744,0.024871305386746045,0.20401584837335468
N2,0.1349718334505624,0.5261658009153195,0.0014053781638830843,0.033531512796445916,0.303925474673789
N2,0.0385706361183539,0.7091472530045416,0.07696177924721224,0.012880851089241778,0.1624394805406504
W,0.03716604922704168,0.303490112008904,0.04185475468089997,0.02479667204057891,0.5926924120425754
N2,0.2153604179420917,0.42628422222720397,0.008723526743770617,0.06052340087880423,0.2891084322081295
N2,0.1833340904099781,0.5811737414405358,0.002519212632687557,0.05427307142762925,0.17869988408916937
N2,0.21176285023813884,0.3618779550363131,0.013859015884825222,0.05618312994977335,0.3563170488909497
N2,0.1500568616722322,0.5569300925940451,0.026054436593782433,0.04660580140254821,0.22035280773739213
R,0.10354608764878084,0.32842576775463606,0.005237722532168882,0.40854607199877624,0.1542443500656379
W,0.14711167032660605,0.3224228968785048,0.024294137908115892,0.07566679868647737,0.4305044962002959
N2,0.07138201791280627,0.48563518030102254,0.009731865674525898,0.03854060777176121,0.3947103283398842
W,0.07467097809703833,0.2725821901003008,0.0053018924503574595,0.02721991691629471,0.6202250224360086
W,0.08203432204042613,0.2843314069183178,0.008266937471034873,0.030352741766392476,0.5950145918038287
W,0.0035681320783787595,0.01955437473305795,0.0015224800998936087,0.020158837174002804,0.955196175914667
N2,0.25921877563824836,0.36667146043386284,0.0008428294215984161,0.027888190566313656,0.34537874393997675
W,0.16332274457113913,0.19280321517384974,0.001111209109748687,0.014877018776827065,0.6278858123684353
W,0.22375145000104824,0.22613593973048368,0.0008628824075001025,0.027713023982189902,0.5215367038787779
W,0.19160854863762244,0.3310154877608587,0.0013521001084553263,0.022494706028337183,0.4535291574647264
N2,0.12268409704255326,0.7291086254753916,0.0037243306318305767,0.012471369817551113,0.13201157703267358
W,0.15023963446021654,0.2399839402126007,0.0009241701925557701,0.025623108200816352,0.5832291469338107
W,0.004343232737562514,0.007124492982726223,0.0006406016254279039,0.02226023735054576,0.9656314353037375
W,0.19809409453587445,0.08836868135271327,0.0008886243648308011,0.05849027666028456,0.654158323086297
W,0.18702585871524255,0.14185198166975957,0.0011723295123693635,0.02424828919827633,0.6457015409043523
W,0.005201561151257801,0.004578928206296588,0.00018826298576729236,0.016588772812313756,0.9734424748443645
W,0.026658437428306914,0.02010386258404475,0.0005513808892398017,0.013812802243401735,0.9388735168550068
W,0.17868537782749377,0.16577200201982467,0.0019422874118144185,0.046698573371322764,0.6069017593695444
W,0.18901809440740835,0.11618731888097869,0.0011130498819655588,0.07748322328303442,0.616198313546613
W,0.13450760010147775,0.11136901504754168,0.0009647762716300465,0.14930389046843595,0.6038547181109145
W,0.09256551991314467,0.24786292202448204,0.0003671246605710627,0.25209788938193334,0.4071065440198689
W,0.09804396880131996,0.3205505464971867,0.0026933726756693853,0.17748881617526138,0.40122329585056266
W,0.10709073925002326,0.2643444490213547,0.0010608767434275364,0.2363236447923687,0.39118029019282585
W,0.011249537967949627,0.0492094174697994,0.0010399158225060147,0.04443735486500316,0.8940637738747417
W,0.035279270938784774,0.2987921323602099,0.00116780581963416,0.04974683602756426,0.6150139548538068
W,0.05367735437070302,0.34079451576003744,0.003939947119392014,0.06003765844448285,0.5415505243053846
W,0.0830467967164547,0.3553471580874193,0.0007222330635047348,0.08663767216021763,0.4742461399724035
N2,0.0434243688234493,0.5130424405739771,0.0013130619270347622,0.053299609415366635,0.3889205192601722
W,0.06881756811411942,0.31785496370015165,0.0012633731445415033,0.08200586432217404,0.5300582307190135
N2,0.051433655497297136,0.5744240689280138,0.0038100758141242012,0.1172412487809633,0.2530909509796016
N2,0.060222194226076824,0.5616998440141702,0.002427960308248784,0.15188421239260086,0.22376578905890335
N2,0.053015510278170426,0.6266680483164598,0.00658720177457767,0.09083260529959525,0.2228966343311969
N2,0.07239481331039864,0.6009066167475728,0.0019195881625915694,0.16429033859857614,0.1604886431808607
R,0.032668370228651364,0.34552351817836263,0.0017714581154653069,0.5258144639614628,0.09422218951605789
N2,0.06694426917924488,0.5221704611830477,0.01310633873418444,0.21826983639685454,0.17950909450666844
N2,0.05032383961425404,0.6692268329237765,0.00554822878376335,0.11218960950427126,0.16271148917393485
N2,0.025517503788642183,0.8326651813976137,0.010913358091939796,0.03964326410769427,0.09126069261410992
W,0.005088219523458556,0.03837935444105513,0.0001715655121692764,0.11845982339979066,0.8379010371235264
W,0.2630113080174973,0.2678451735670798,0.0009198516481018497,0.02850060419840749,0.43972306256891364
N2,0.14406159472711214,0.5440411476228781,0.0021384637597046817,0.026141653351857922,0.2836171405384473
N2,0.12064974563691909,0.6129761437889776,0.00609418246985268,0.014853766669700095,0.2454261614345507
N2,0.09916328174690722,0.8544742650526183,0.0025623063850422037,0.003881010000237727,0.039919136815194455
N2,0.038148360671146284,0.9427604718807667,0.001576253608826,0.0045280562648740965,0.012986857574386787
N2,0.031992271218531605,0.9507707206328043,0.002913846818415264,0.002254481250145672,0.012068680080102838
N2,0.016886821492627543,0.9652389805651618,0.006221919305458372,0.0031325692868258478,0.008519709349926555
N2,0.012174485909019749,0.9790216180062916,0.0015498078591996785,0.00420373364698325,0.00305035457850561
N2,0.004187645210086484,0.9908407475702417,0.001289656138955612,0.0012943588285343763,0.0023875922521817802
N2,0.008391670625000474,0.985635404672859,0.002635249658907143,0.0011541216420932969,0.0021835534011400352
N2,0.011832116648360628,0.9824557754016089,0.0030798467736310115,0.0005321651892633392,0.002100095987136222
N2,0.006403657920109462,0.9858659075498687,0.004552149753182673,0.0005399986795047229,0.0026382860973341435
N2,0.008589522344927006,0.9704118306874124,0.010451955272667573,0.0016253840095622092,0.008921307685430934
N2,0.005940852886607468,0.9814517524553601,0.007113554963259494,0.0013096212484728996,0.004184218446299971
N2,0.005224027796870494,0.9792136095431477,0.008918650839694073,0.0008788178407566555,0.005764893979530928
N2,0.008366373333443592,0.9700650342096779,0.010536390741884607,0.0008510971860065862,0.010181104528987404
N2,0.0040413641244068845,0.9760702904555805,0.014274206716900625,0.0005183294118343435,0.005095809291277824
N2,0.006267097524852634,0.9794946695663864,0.010929782085553884,0.0007799811732623821,0.0025284696499448932
N2,0.007227193079427388,0.9819165387043232,0.00729158108649198,0.0005923328227637147,0.0029723543069935443
N2,0.011163074447206666,0.9628732422599793,0.020757301811029638,0.0007309144011811978,0.004475467080602878
N2,0.010893499992111096,0.9597906603893291,0.017009990213747404,0.0008039614245517,0.011501887980260665
N2,0.00758995155383442,0.9618100617529171,0.027977973401658997,0.0002916623277007478,0.0023303509638888955
N2,0.007331202658292706,0.9101698709061165,0.07537859486639274,0.0011118450824493106,0.006008486486749016
N2,0.007408428834339436,0.9532829630237104,0.03382101341025847,0.0010123148888557395,0.004475279842835795
N2,0.007398767829512952,0.9595887104224684,0.027557042464166386,0.0003951802760796906,0.005060299007772561
N2,0.0067180134087786,0.8773081672958791,0.10888879636866204,0.0004796296280452852,0.006605393298634813
N2,0.003204781762052019,0.8216053425851206,0.1705015457748105,0.0006043688405691362,0.004083961037447838
N2,0.00378495437516938,0.7856601370927218,0.20349472906089724,0.001128280909565974,0.0059318985616455345
N2,0.004781341314172652,0.617962148106666,0.3465602584807042,0.021955088356085232,0.00874116374237181
N3,0.0006413645361229236,0.15140484085096925,0.8338084232014862,0.00796634089019612,0.006179030521225488
N3,0.0018731888947950692,0.459537212282929,0.5326748484059154,0.0006135569565064935,0.005301193459853935
N2,0.003970671396431959,0.6443933902656996,0.3410251786343482,0.0017696285096960593,0.008841131193824068
N3,0.001367858308428443,0.17399306385266328,0.8142556887568275,0.00674947395616045,0.0036339151259205645
N3,0.004041491791269648,0.39288928531498213,0.5970320401355228,0.0011130283765498673,0.0049241543816755376
N3,0.000990193359245157,0.08587917367340547,0.90245164421321,0.008659300872683217,0.002019687881456233
N3,0.001324245213593025,0.1769039281834426,0.8177226019011112,0.001229452617578159,0.0028197720842749485
N3,0.0016962414802285397,0.1853630339808716,0.7852840285575511,0.024576794527455037,0.003079901453893792
N3,0.0018209202556673499,0.12280547547462112,0.8605735528496751,0.0125750820942328,0.0022249693258034596
N3,0.004002560439793636,0.16961168806142085,0.8061672834284185,0.016080936317933146,0.004137531752433859
N3,0.0013878193063620512,0.11082920857168545,0.8778856170565726,0.006146627262255184,0.0037507278031246177
N3,0.0036361329400164165,0.16941231199602563,0.8067102613581022,0.01694034059361352,0.0033009531122423458
N3,0.004222730724108163,0.2133710361531522,0.7434235623956821,0.0311223664744894,0.007860304252568076
N3,0.006248705761363119,0.35633496523665176,0.611954011840568,0.016660577967733854,0.008801739193683192
N2,0.008747607607424674,0.7675102989059995,0.19162058381398753,0.021734042311025988,0.010387467361562245
N2,0.010334617991615053,0.7461433802843201,0.20255378117077474,0.027784423941420534,0.013183796611869492
N2,0.006679690049568317,0.6825891851036715,0.29619571065502986,0.00464907903017622,0.009886335161554075
N3,0.002345076983847632,0.42790206587249546,0.5589277291621986,0.007619680001309766,0.0032054479801485024
N2,0.003305700707517994,0.537144942997891,0.4463751769102504,0.008984867337297914,0.004189312047042824
N3,0.005041127326284154,0.4272169034060741,0.5619583273672836,0.002156737607278743,0.003626904293079336
N3,0.00338891255312218,0.24027208766536795,0.7351821279160585,0.016930156307859146,0.00422671555759209
N3,0.003164561802969003,0.2851222517963267,0.7072635934806942,0.0012122297100364608,0.0032373632099735416
N3,0.0010838360978693289,0.14770987172021263,0.8419520530527804,0.007027582146100916,0.0022266569830367896
N3,0.004177643275911811,0.20871970296079842,0.7580553183956845,0.023974580083307807,0.005072755284297408
N2,0.007175706871211647,0.6965924768093318,0.2794934482695963,0.0017027026697977302,0.01503566538006266
N2,0.008645855728268734,0.6722239276172524,0.309180899931963,0.0019280329133469002,0.008021283809168995
N2,0.005774933565229446,0.5127253757008786,0.46764720313293767,0.001317746327233159,0.012534741273721185
N3,0.00278028350438821,0.2565062080428998,0.7218195255734622,0.01200872282511271,0.006885260054136986
N3,0.00649786913957529,0.3537583273255206,0.6200545623042897,0.013402400991076226,0.0062868402395382696
N3,0.004842579019007296,0.1830070597996304,0.7879397807367654,0.016312977715191336,0.007897602729405623
N3,0.0035404387762896874,0.13592556548621296,0.855312207516686,0.0011257767151074396,0.004096011505703866
N3,0.006476799144783418,0.2494408189360799,0.7190117307193578,0.01827773843784615,0.0067929127619328735
N3,0.005956283685678236,0.16239849300193562,0.7884134296830257,0.03465933834049424,0.008572455288866172
N3,0.004489952364081076,0.2209934368409853,0.757796994256615,0.011261361208393621,0.005458255329924962
N3,0.004546368798684634,0.1170662235512585,0.8642338554117718,0.010895568775551914,0.003257983462733388
N3,0.008888689069147719,0.2504094269510119,0.6634865427362964,0.07244013919555796,0.004775202047986088
N3,0.004434982793781513,0.09685908759928735,0.880549462679982,0.014768759902455974,0.003387707024493068
N3,0.008664607556621486,0.2191057526330594,0.7220094280755227,0.03207933813918104,0.018140873595615267
N3,0.008768572769292398,0.2880740511222816,0.6245510472525001,0.06537006768271514,0.013236261173210676
N3,0.005560451644189664,0.12979358707404687,0.844941399230822,0.014115972420636674,0.005588589630304821
N3,0.016384937553471837,0.2730406119097598,0.5728238359441796,0.12857683678873633,0.009173777803852512
N3,0.003805425962668899,0.10350670689464957,0.8542020410013552,0.032580958318098825,0.005904867823227488
N3,0.016845741075482635,0.20539345220151473,0.537689400330742,0.22171763698321723,0.018353769409043298
N3,0.005511295601024478,0.21703942312728,0.6692772809813952,0.09269943154605094,0.015472568744249437
W,0.04607377973919152,0.16290626618543003,0.19929542064205977,0.058498860987634335,0.5332256724456843
N2,0.05756558003733814,0.4846547305020115,0.2581692572165969,0.07684654794003372,0.1227638843040197
W,0.02465658925085799,0.07304159934824987,0.018762309873039576,0.025933564248933564,0.8576059372789191
W,0.012602468240557252,0.039829561149785885,0.009748555763823781,0.018652218219646115,0.919167196626187
W,0.020691045275116,0.032522681066135546,0.03755049330791662,0.0018456192624542104,0.9073901610883777
W,0.038225440276014606,0.09895435134235066,0.03728307375142366,0.0017402421738233298,0.8237968924563877
W,0.07772925137237602,0.2932699637032132,0.07959023392716467,0.06657120756651203,0.4828393434307341
N2,0.049453257698736076,0.5271219040611188,0.16890970976028655,0.009093752271734127,0.2454213762081245
W,0.029722646632713165,0.42368727119633687,0.05514643713893686,0.05229420737292454,0.43914943765908854
W,0.012693049944734145,0.031109953518934082,0.0033244826113420422,0.07243310491187088,0.8804394090131188
W,0.09001583152772254,0.2148240017657302,0.0014825086883352664,0.014936929225019336,0.6787407287931927
W,0.05169676509035799,0.3702821352220712,0.005510591966921157,0.004509652432974783,0.5680008552876747
W,0.13532175083361092,0.24915501272974452,0.0010206130467619186,0.03188467422082734,0.5826179491690554
W,0.024800461604636472,0.33133035637733527,0.0006930662093489553,0.015277612716739084,0.6278985030919402
W,0.05828800828815889,0.23698385699932464,0.0011060427705241094,0.0424569095600135,0.6611651823819789
W,0.06465277871485225,0.21554110890947398,0.0011198893168566774,0.026946777569256,0.691739445489561
W,0.0847566833710646,0.34666384716339693,0.0010475505527394184,0.013934545444370509,0.5535973734684285
W,0.09152251793237406,0.40591452276526685,0.0013070882526856052,0.02474703469943276,0.47650883635024077
N2,0.060400920226399896,0.5156206474563626,0.011333603857337244,0.03117372552523375,0.38147110293466646
W,0.09294157052956081,0.12667796024805358,0.0045312789865101346,0.38301708048079386,0.39283210975508165
N2,0.1717887709747167,0.5373234980468959,0.004481989995400903,0.07095859875167056,0.21544714223131595
N2,0.05822276933377532,0.6746523886358391,0.0005260933613556078,0.04588481570647464,0.22071393296255523
N2,0.07318937442928568,0.5718109783421194,0.005694784632454582,0.034193898414609736,0.3151109641815306
N2,0.04312413884225108,0.7170918897488374,0.0032971079571271224,0.01853938750774617,0.21794747594403813
N2,0.03362206824541535,0.6904478751709536,0.013453563276865617,0.00568472067376872,0.25679177263299674
N2,0.046763486439222846,0.5181328708764398,0.00546880591932393,0.022329054859135333,0.407305781905878
N2,0.050264264952540064,0.5576032041451253,0.003288356601448044,0.03221640778038486,0.3566277665205017
W,0.04665719148939487,0.18801984429414473,0.01615648178536527,0.04185336687558563,0.7073131155555096
N2,0.06440281987816816,0.4971480973977615,0.007521772409937496,0.04503238286712305,0.3858949274470097
W,0.014294870340542578,0.419009528929883,0.0007768935310475865,0.009943085658824865,0.5559756215397019
N2,0.04434376464609014,0.6956143094651276,0.013813541221440337,0.02916062190688582,0.21706776276045606
N2,0.01225840205860313,0.7306194699851473,0.0012120888091912974,0.0071407602687904494,0.24876927887826783
N2,0.03083200500128048,0.830057211575428,0.0006972801989012455,0.02185412785101161,0.11655937537337867
N2,0.00808096002263727,0.8022954427778692,0.002146358182559206,0.003514721412794021,0.18396251760414034
N2,0.025156785382714316,0.8515234794353103,0.0022202118384966668,0.009780078620763431,0.11131944472271553
N2,0.014609916128389456,0.7237355445238405,0.001895137381017576,0.010679194860547688,0.24908020710620468
N2,0.1318834820181614,0.6477132244420082,0.0009923697207687018,0.02781890059346496,0.19159202322559687
N2,0.012572922531282057,0.8671841799790413,0.0015439096921888754,0.006191133596654386,0.11250785420083338
N2,0.06519076379377502,0.7442712621820288,0.002773918954429758,0.013735349318121568,0.1740287057516448
N2,0.015989962489396412,0.8252123748632437,0.0008751485009017736,0.006405715362489948,0.15151679878396807
N2,0.018254910734580236,0.817926236514049,0.01630095800837315,0.01700506309243435,0.13051283165056307
N2,0.015277088179863278,0.9104154528158286,0.0022999068325622995,0.005421436861655907,0.06658611531008969
N2,0.017995730917851525,0.7678249470111486,0.001146579656119532,0.006746010773588907,0.2062867316412916
N2,0.0032913464370498205,0.9161842449581012,0.002130024190414715,0.0016483562349121769,0.07674602817952207
N2,0.009105989839301215,0.9318633019512783,0.000519478366011486,0.003958589823054948,0.054552640020354135
N2,0.07805956641897183,0.5851662981360574,0.0005737739430732042,0.011874243307442361,0.32432611819445534
N2,0.08124154858697868,0.5706067194189373,0.0004158857000419099,0.020534697629443172,0.327201148664599
N2,0.02050652196156034,0.65417567547961,0.000573076238159265,0.004917732232938841,0.3198269940877315
N2,0.031000621356086777,0.5103837783456746,0.011819477559347537,0.005498739962906727,0.4412973827759844
W,0.018454618874320233,0.09261260804284695,0.0017153461516379196,0.005249071033026915,0.881968355898168
W,0.04866117279960677,0.15882853284391962,0.0006551529791676586,0.010606108850721368,0.7812490325265846
W,0.024510622856504145,0.11547663537280738,0.0017119651024932445,0.007383240586063398,0.8509175360821318
W,0.07380652141866706,0.3559530417809045,0.0005779889420124394,0.007654698309533234,0.5620077495488827
W,0.031207291745439795,0.1438844344149982,0.0005905195872951723,0.011417599822658135,0.8129001544296087
W,0.009612259302851534,0.028207273302442538,0.0025330473827531634,0.0037526959720995067,0.9558947240398532
W,0.013144743210039417,0.05075763085563046,0.0008376576776142742,0.004301631313766427,0.9309583369429494
W,0.06252832900125511,0.05711027454468898,0.00024297523191483018,0.004891769438136899,0.8752266517840042
W,0.012970331910298977,0.06739975538178154,0.0002731727383222972,0.002331296314880334,0.9170254436547168
W,0.1374539084730505,0.15285164785686775,0.0009415938521399597,0.01186695406826656,0.6968858957496752
W,0.1082457231942388,0.07212229184029027,0.0005662103747956116,0.014454717646011755,0.8046110569446636
W,0.06260617790826885,0.1362970801933165,0.00046193906809739797,0.008414364438253382,0.7922204383920638
W,0.02941059798224582,0.07705385520695605,0.0009810279438627243,0.0049205505265609035,0.8876339683403744
W,0.11449445668497406,0.13146404000763195,0.00030630562325881824,0.010083922112287822,0.7436512755718474
W,0.14842653467923306,0.34662935312607435,0.00037614701079018365,0.008563108635624653,0.4960048565482778
W,0.0024509119237038526,0.004556299031435285,0.00026708391800934393,0.009464278519272635,0.9832614266075788
W,0.014282843706058672,0.031915526482272076,3.705648839397444e-05,0.0011133019201311311,0.9526512714031441
W,0.004647186497336058,0.002431745415323736,0.00020220894986262188,0.00035080220264528417,0.9923680569348322
W,0.029842663451972416,0.006378197542299244,0.00011630241289496717,0.0013440752060776013,0.9623187613867558
W,0.01773637408275702,0.005974082388598867,5.6684731101758765e-05,0.004208115116332365,0.97202474368121
W,0.08936389168866948,0.03898485641614423,0.0006287401046526913,0.03237672786289506,0.8386457839276384
W,0.014655069252586625,0.09469977437241037,0.0018816259328706727,0.013462171917024307,0.875301358525108
W,0.02169688317877387,0.1357516249425221,0.0021054881623769096,0.020141814221570995,0.8203041894947563
W,0.05525573911133795,0.06331972254517584,5.509473662921026e-05,0.020063507753623807,0.8613059358532331
W,0.019985842407132717,0.09754994607047449,0.00027823779175986706,0.024679684343199938,0.857506289387433
W,0.017591994969693908,0.07264166071374278,0.0018050204117992861,0.023564399216124406,0.8843969246886396
W,0.022176871215347605,0.005511073539388459,4.066873786760729e-05,0.0064697132977888025,0.9658016732096074
W,0.08330534089524734,0.07710429722130628,0.0002170352577631413,0.012371958188600594,0.8270013684370826
W,0.14978402920417047,0.2660633593576138,0.000511087140013884,0.025825486213092122,0.5578160380851098
W,0.003092529917954677,0.006574827103602616,0.0007513643477599904,0.02163985615611217,0.9679414224745705
W,0.025565024091273997,0.016316031549864832,0.0002838127942633216,0.023295337978982544,0.9345397935856152
W,0.26969446268594843,0.14027918225341973,0.0007579384042975753,0.0798577938690919,0.5094106227872425
N2,0.21278252377864115,0.5267337625533204,0.004149600523053072,0.04724007819078181,0.20909403495420356
N2,0.17633661385090457,0.44146751118635214,0.0019433516941748021,0.08628973580328976,0.2939627874652788
N2,0.2409316959410727,0.3834324470263181,0.0016586137549037398,0.0923510834059823,0.2816261598717232
N2,0.21933575921306764,0.4584449335575644,0.000937506815589531,0.09624281822676727,0.22503898218701124
N2,0.24624391348396976,0.5328952544137501,0.0008135680977986102,0.07294009031605256,0.14710717368842907
N2,0.17345018396317927,0.4832332458952063,0.001165340274207097,0.056001487281416844,0.2861497425859906
W,0.139659503941254,0.20203205467080373,0.0037655102257933243,0.1069432974678206,0.5475996336943284
W,0.11999620858253308,0.37192339427359977,0.010910342561970713,0.05440306883984998,0.44276698574204637
W,0.12036375419033132,0.2642422799636876,0.0015840971182353757,0.04222734824684631,0.5715825204808994
W,0.16293834874931215,0.24047610089827562,0.00181858332422156,0.052424874137692354,0.5423420928904983
N2,0.1087808554257495,0.4454140991257775,0.005352661886065369,0.04296397031408567,0.39748841324832196
N2,0.14924531992383472,0.6288483103924818,0.00495802254169592,0.049649854938313004,0.16729849220367465
W,0.17905826011468953,0.25224782657185996,0.003233264624927795,0.07579508715068671,0.48966556153783597
N2,0.2090752820350947,0.41593837221971025,0.007777220067564915,0.029935201216934892,0.3372739244606953
N2,0.2840222144248292,0.5464658094810335,0.002708981762849381,0.04915697983977981,0.11764601449150809
N2,0.2506747647575811,0.36736111301103763,0.0014464995514190217,0.01997701726831263,0.36054060541164973
W,0.2481867055667811,0.3307980632932742,0.0012415982555007892,0.03909303689550466,0.3806805959889392
W,0.13600535973457067,0.2642820512495326,0.0022075680997073036,0.043555967021818034,0.5539490538943714
W,0.0009999440672513477,0.0015249828369713206,6.178451387466034e-05,0.00823984729344577,0.989173441288457
W,0.04604479564615502,0.03588165655540527,0.00331016867694123,0.05442263111564326,0.8603407480058551
N2,0.34832662124976,0.3784898543185261,0.0016226037188734699,0.0876672288108773,0.18389369190196317
N1,0.3926263245418427,0.3220854520666844,0.0005875771717255778,0.1060378660351186,0.1786627801846287
N2,0.1903231638395395,0.6028147955775084,0.007920463109641682,0.0695282256759837,0.12941335179732671
N2,0.09116554890978468,0.8550367953675475,0.006423843983265455,0.013966126191978106,0.03340768554742435
N2,0.044638751169119716,0.8847677530311794,0.0038178254004565663,0.016554950592098456,0.05022071980714565
N2,0.00926415794584296,0.9480445315516589,0.011796031615209895,0.0108275907733248,0.020067688113963592
N2,0.05752502851142632,0.8979758541582992,0.006918148637098306,0.017229984441454762,0.020350984251721344
N2,0.046441271600667515,0.9143620812204614,0.009359909327540942,0.0171443499051535,0.012692387946176682
N2,0.017287795965038554,0.9378389711045033,0.024622911306137463,0.008425163563718719,0.011825158060602203
N2,0.04474591856335542,0.8996803423951745,0.007698106637505706,0.020203197567151637,0.02767243483681275
N2,0.037994987831192956,0.7554721954732292,0.0065373667593665915,0.017213160497996715,0.18278228943821453
N2,0.05992227871982019,0.4066668825528851,0.014304805665511965,0.1294849360572578,0.38962109700452496
N2,0.3096998460461517,0.3670006978306796,0.007223251522878342,0.06198015020989659,0.2540960543903939
N2,0.24188198097164235,0.669467385895299,0.0004125765810088799,0.03811808261835578,0.05011997393369407
N2,0.1643936479091718,0.7479032859087418,0.004248608537406164,0.034620161545799916,0.04883429609888021
N2,0.18745972473016628,0.7375978414846338,0.002489248815215444,0.047284032846478356,0.025169152123506077
N2,0.07006013895373314,0.9044025559416223,0.0005903153473806287,0.01591346397448572,0.00903352578277828
N2,0.05322403965641385,0.8987190985533333,0.0011781563272919042,0.04126184041991207,0.00561686504304886
N2,0.04001962304177047,0.8923487856914415,0.0019011382097237723,0.05115406215026488,0.014576390906799542
N2,0.03780969590266914,0.8539850068107737,0.0010428951220009398,0.09758838142762395,0.009574020736932386
N2,0.05141034811562023,0.6412821680597398,0.0006278343826602235,0.2971490094284541,0.009530640013525564
N2,0.018012364077654386,0.8368126343246337,0.002282340110584731,0.12960210723419935,0.01329055425292795
N2,0.02147149944413892,0.6840925262193069,0.004908393084707944,0.27968220795268267,0.009845373299163398
N2,0.010503391113452165,0.8580450044450252,0.0020892319776319515,0.12303663796419698,0.006325734499693634
N2,0.01270277162301552,0.8382768066737443,0.011571147353986974,0.12234511821043369,0.015104156138819717
N2,0.012521679402658796,0.8783443382628012,0.0016616550141594286,0.09731428567485799,0.010158041645522555
N2,0.019143486180877987,0.8956359082338026,0.005793202245019461,0.06281028994020386,0.0166171134000962
N2,0.015360601668628184,0.9304396829765667,0.004313215348863856,0.03790907569615493,0.011977424309786128
N2,0.007455423210562627,0.9666871731542622,0.005885675409534993,0.010884366418769576,0.009087361806870618
