Stage,N1,N2,N3,R,W
W,0.027710158948526527,0.005373768486104076,0.0001993090291996509,0.0014234106929004765,0.9652933528432693
W,0.017099973574516574,0.0028676981326362706,8.297259044714574e-05,6.88217054343365e-05,0.9798805339969657
W,0.01663917968862688,0.019686950255587927,0.0014387663245440457,0.0014933619699149772,0.9607417417613261
W,0.03577115702352645,0.0307891624595266,0.00025236047997508233,0.0013088588958958237,0.9318784611410761
W,0.021251402568796405,0.048485511895088096,0.0005260863410738645,0.0022448417625359363,0.9274921574325056
W,0.02274205113175476,0.037474523857376915,0.0004858960146551291,0.0014666984660082376,0.937830830530205
W,0.017337613654780697,0.07092335312352555,0.0005491675199990415,0.001628978269105917,0.9095608874325889
W,0.1382506799528057,0.0472643788319029,0.00035893102851266916,0.0032426428015159244,0.8108833673852629
W,0.007235509856449707,0.00790323812188018,0.00025304592036575185,0.002994450383255762,0.9816137557180487
W,0.006623559239833267,0.009104741965189555,0.00045062328826762904,0.0022155178845134813,0.981605557622196
R,0.03062033672387328,0.14061009332640723,0.018933968282319438,0.4292003048533139,0.3806352968140862
W,0.06312998495550226,0.1566348682403803,0.02001950101498952,0.011714577205310873,0.748501068583817
R,0.034091068515609085,0.1199362060806299,0.012007783965360981,0.5019987468391753,0.3319661945992249
W,0.08120687473343521,0.09705586277680826,0.06267262545228486,0.0013856803853888237,0.7576789566520827
W,0.24727161504285874,0.07716063829312518,0.00047808534855318355,0.002892390535313281,0.6721972707801497
W,0.21657088995094553,0.10164544132323954,0.025697505083792958,0.005348819962513992,0.650737343679508
W,0.03491516510551779,0.10534439460431286,0.011325880245933732,0.0027511231450720202,0.8456634368991636
W,0.008565007793806496,0.125229969425823,0.014325103037904666,0.004632476693755749,0.8472474430487101
W,0.017805846616146377,0.06113301088738782,0.010851621718306377,0.003918172374569711,0.9062913484035896
W,0.056204800368805145,0.26359188377244314,0.21163318038404413,0.007170549863686332,0.4613995856110213
W,0.06815180443776703,0.15582585008423266,0.0034058454662178436,0.028562202019668522,0.744054297992114
W,0.07157646048364259,0.08681417891575438,0.0023901134705988886,0.019528478624138815,0.8196907685058653
W,0.024014470589627582,0.027375059223467207,0.002231820806881299,0.012632752165033559,0.9337458972149904
W,0.061828520572618895,0.4197962991970776,0.0396362651628063,0.007751345751396342,0.47098756931610086
N2,0.05538912496647541,0.7241434196787603,0.04740224039058713,0.016064012594159526,0.1570012023700174
N2,0.20568894895383052,0.6183775421621963,0.07773829563409518,0.033985719606692305,0.06420949364318568
N2,0.03225918935642379,0.9483208466992707,0.011161603091934407,0.002556740182990349,0.005701620669380704
N2,0.09930454087437403,0.7938844737871957,0.009788343681626753,0.08254735972169212,0.014475281935111528
N2,0.18059530322919504,0.5361103450813153,0.0050952358972307845,0.26547430495520785,0.012724810837051018
N2,0.10855775975358758,0.6401775107187752,0.0042576250888560745,0.23283587589940974,0.014171228539371554
N2,0.13548849118994152,0.5061961773297496,0.018677324705743806,0.30232141585285527,0.03731659092170984
N2,0.19774312443414346,0.5428246420349562,0.009657678578450448,0.18951939518977784,0.06025515976267213
N2,0.1073907296141459,0.7043840572816987,0.023062057731950334,0.12134758563208592,0.04381556974011913
N2,0.10042437987071771,0.575157796641944,0.03477505063443487,0.2624143919187429,0.027228380934160423
N2,0.07859998878124409,0.8033733682627431,0.03840701769038477,0.05058878663715305,0.029030838628475004
N2,0.08128442569000646,0.7367166725612622,0.04946015602461053,0.07397448150797775,0.058564264216143115
N2,0.1454044809991619,0.701531205216595,0.0462529883482226,0.08654415095489518,0.020267174481125402
N2,0.09628119151738565,0.760891521499128,0.023732957608095767,0.0739087911498486,0.045185538225542145
N2,0.2028167757490075,0.5666440599373067,0.0053292424419068936,0.18056159599877988,0.04464832587299915
N2,0.06433778673575904,0.848120811035922,0.050983002440914305,0.02177753813627154,0.014780861651133109
N2,0.05634043522880227,0.8552409650137235,0.02442144463057448,0.05262125212951855,0.011375902997381242
N2,0.06412351259229337,0.8782197704290674,0.037361055688244146,0.01037741662111093,0.009918244669284008
N2,0.04170266897157582,0.8902446912662446,0.020926857693974694,0.03479187291153876,0.012333909156666259
N2,0.08360746273454008,0.819796968018258,0.05302142793301983,0.024185562787100597,0.019388578527081524
N2,0.09388134740916719,0.7675961265138037,0.09696000808534888,0.02192649023787131,0.019636027753808887
N2,0.03615911863113896,0.8917491334106227,0.04749733804003911,0.0129688142810773,0.011625595637121657
N2,0.021532792452301462,0.7949361565091523,0.15698942522737472,0.01222415862288108,0.014317467188290557
N2,0.005864242980884078,0.9030890569307416,0.0761567077102567,0.004356891564344497,0.010533100813773334
N2,0.01700464137600954,0.8869159530131009,0.0718759484546525,0.010412699283459476,0.013790757872777799
N2,0.005825117318646869,0.7237600429427204,0.2563450924418296,0.005896233720363562,0.00817351357643954
N2,0.0030543306872976195,0.8128446240523249,0.1749668428882432,0.0033642106230007446,0.005769991749133511
N2,0.005392793128188565,0.8885072948861762,0.09436410367029138,0.003731025144800315,0.008004783170543555
N2,0.002730298341503483,0.7141138371747859,0.2721299327679842,0.0033031022814832512,0.007722829434243176
N2,0.0035213738868137344,0.8253227753255378,0.16002601031227784,0.0030893399170506325,0.00804050055832001
N2,0.0018313179023225583,0.8492476252924358,0.14037584701571615,0.0024799860544565916,0.006065223735068869
N2,0.0012126644290335234,0.689761227191271,0.30295847369424816,0.0016939982492551646,0.004373636436192142
N2,0.0029710306970976113,0.612277921034555,0.37875895792577347,0.0010355620804842337,0.004956528262089746
N2,0.0008582922731993657,0.6352117927496028,0.3574598924980885,0.0010908701555414067,0.005379152323567818
N2,0.0031927443640976092,0.7120193923139858,0.27836720066361587,0.0016524854804847006,0.004768177177816113
N3,0.001662238420080266,0.4574164135926597,0.5368174670996289,0.001175942764772126,0.002927938122859036
N2,0.0018785998436269258,0.5756770115291436,0.4167812044877143,0.0014549873158392476,0.004208196823675773
N3,0.00099415739996741,0.2962747387191154,0.6990259797164324,0.00042565264510270216,0.0032794715193821093
N2,0.002361663833637739,0.6730101419747622,0.3171319106797853,0.0007680418381411994,0.006728241673673567
N3,0.0020259788790616563,0.394211096842809,0.5978949937548887,0.0008826378531737267,0.004985292670066862
N3,0.0007308631990923356,0.23893151543274774,0.7582041018868398,0.00028557486991443994,0.001847944611405615
N3,0.000709810325579824,0.22474021786696327,0.771330847142962,0.000330940708685987,0.002888183955808951
N3,0.000986070204027878,0.2161630519717612,0.7790850545776797,0.0005490091871765316,0.0032168140593546303
N3,0.002113134646739498,0.38124288610486157,0.6107969857009318,0.0007292336520923598,0.005117759895374697
N3,0.0013505136023689243,0.22261858928854017,0.7703291396888798,0.0008948559839364145,0.004806901436274617
N3,0.0006669430190714283,0.2443347151138662,0.7510542873907262,0.0005653875568947743,0.0033786669194411966
N3,0.0007854153309092082,0.2891866350319717,0.7020557147266968,0.0009557150962632002,0.0070165198141591435
N3,0.00034276937066837824,0.18660723184794825,0.8100650052496736,0.0002494109638683796,0.0027355825678413927
N3,0.002665257851292375,0.47482465424716025,0.5066452033494022,0.0014579499336433836,0.01440693461850182
N3,0.004632310504335519,0.3635686033833329,0.6210949094298636,0.0018152199571207972,0.008888956725347197
N3,0.0012413815517910293,0.1861593668048732,0.8088135978482759,0.0005065834796379384,0.0032790703154220997
N3,0.0011690563318972056,0.19881206991427094,0.7963003564722827,0.00041003815104430905,0.003308479130504907
N3,0.0005794585003528199,0.08222405175012042,0.9144388798996312,0.00029292267021789224,0.0024646871796774705
N3,0.002438460959356268,0.3142603565374921,0.6751715946664267,0.0009824149630304868,0.007147172873694525
N3,0.0020157686566883485,0.34243468638190044,0.6396313008069797,0.0012493725255039295,0.014668871628927417
N3,0.002398118215911693,0.23169718838834408,0.75615978935111,0.0013824744048956366,0.008362429639738711
N3,0.0018151132427063636,0.4438407466930049,0.5449169697348171,0.0008931479728945203,0.008534022356577159
N3,0.000708228647265025,0.1954200271827943,0.7953593360687247,0.0006805174383681221,0.007831890662847984
N3,0.0008759799816604731,0.21915404046101794,0.7735640204213503,0.000964508493130756,0.00544145064284046
N3,0.0016048333193639942,0.2610004435541916,0.7214378263322977,0.0014712494995673098,0.014485647294579575
N3,0.0027845301905189144,0.47628330549762316,0.4805988725567323,0.0016852035528998658,0.03864808820222588
N3,0.002220345988309429,0.32104073180253173,0.6653833333593641,0.0006897604970116088,0.01066582835278333
N3,0.003270271746554112,0.3255974603973476,0.6615695085479102,0.0008221026335217014,0.008740656674666308
N3,0.0033009373768392017,0.3492774735624632,0.6248694183969398,0.000871621046658872,0.02168054961709885
N3,0.0008266117676052159,0.20564387608523213,0.7840940037879532,0.0003960671154244798,0.009039441243785012
N3,0.0004626249890827716,0.1263414034739623,0.8699282642259317,0.00020474974877489758,0.003062957562248205
W,0.018697495347787266,0.1140224147928028,0.37191368527657026,0.053864871042492914,0.44150153354034677
N3,0.0009521818237217465,0.0640286199923495,0.9223353544765605,0.00033819794236725567,0.012345645765000917
N3,0.005672969099286728,0.31075775166140307,0.652301531879991,0.0007312134662540187,0.030536533893065283
N3,0.0026841983379302546,0.19825178289138518,0.7869114891453843,0.0005554439766160504,0.011597085648684126
N3,0.00169265814059894,0.13777520073403948,0.8335155258767319,0.00838193813731299,0.018634677111316705
N3,0.0016519316939016945,0.21213516977476515,0.7718037538703169,0.0003527803237592402,0.014056364337256998
N3,0.00272273608099106,0.3445667334770861,0.6322434703310825,0.0008795740818515653,0.01958748602898878
N3,0.0012555544670549413,0.13193376509406768,0.8486719880733619,0.008546259507530634,0.009592432857984806
N3,0.0009117001546852751,0.2512376238066968,0.7408478568310265,0.0005644408565793849,0.006438378351012057
N2,0.00925910122860177,0.5047592134519736,0.44173240272823705,0.029103750737010225,0.015145531854177394
N3,0.0006034601721401753,0.12139744132635265,0.870944642486961,0.0011997382256959189,0.005854717788849997
N3,0.016005285176841542,0.30712370863714616,0.525487852954359,0.06642024442889241,0.08496290880276094
N3,0.005026477133444373,0.3351109040916017,0.6411088677640473,0.0013161139714052941,0.01743763703950147
N3,0.001400649839270017,0.1877037899139902,0.7981681993952559,0.00099485219200155,0.011732508659482482
N3,0.0014417365946852313,0.15848184164246537,0.8268329780509784,0.0011973119643683221,0.012046131747502525
N3,0.0020032940164314726,0.16875692889187038,0.8111168748588191,0.0019378911855787136,0.01618501104730034
N3,0.0015648935078311995,0.18605377225490896,0.8023716218402056,0.0018904069996305431,0.008119305397423804
N3,0.0005917447833671555,0.11921490506472475,0.8760138462678677,0.0008698244282631739,0.003309679455777237
N3,0.0011833804793567394,0.16976805042364695,0.8200331940815673,0.002380802175938837,0.00663457283949018
N3,0.002518416232902412,0.320679748928879,0.6612190420303368,0.0025800324570210815,0.01300276035086075
N3,0.0034192353814051176,0.4468940107961276,0.5214786736675705,0.009560808853797616,0.018647271301099166
N3,0.003213472278298672,0.4259975769316124,0.5404394465556851,0.006189096863140361,0.024160407371263647
N3,0.0029904577796445045,0.45385897848053525,0.5088048689734956,0.006594990843557591,0.027750703922766868
N3,0.0036144210805392285,0.365832064501085,0.6002548947156315,0.007556655454531956,0.02274196424821223
N2,0.013720445250218214,0.48012919535074067,0.44041906514983165,0.010652913597476584,0.05507838065173276
N3,0.00731894744463475,0.35726412437125976,0.5852633814022726,0.014737440548848962,0.03541610623298393
R,0.024529854670076505,0.08743141320708452,0.03487073896564132,0.5366656869024912,0.3165023062547066
W,0.03316689177664276,0.06611508656271808,0.019022749045803332,0.2382427829190879,0.643452489695748
N2,0.02722586686722686,0.3841146747556418,0.28199144536287013,0.027492890245775024,0.2791751227684862
N2,0.08532412679189492,0.5736460363117748,0.1826278113426481,0.021363763344864367,0.13703826220881773
N2,0.08811375625212635,0.6746567496607041,0.11088952231279679,0.03519274491440942,0.09114722685996324
N2,0.026607347639234117,0.5341745146583475,0.07546744844097196,0.030688598209768343,0.33306209105167806
W,0.02282429355803614,0.10947226876667832,0.03432867476710074,0.38611287102047465,0.44726189188771026
W,0.03163573344168841,0.05738759386936218,0.014649858550127457,0.19987562732539496,0.696451186813427
N2,0.15421816008445435,0.3971305309683328,0.09071649157129635,0.08017217310273293,0.27776264427318365
N2,0.16229478009842654,0.42499863415135936,0.008389683479405073,0.09033164370070021,0.3139852585701088
N2,0.09173050210135827,0.6763698850747465,0.006254936013855845,0.04468705733073429,0.18095761947930494
N2,0.07175978321686685,0.8473820849481055,0.008382465476762014,0.012744593897900247,0.059731072460365485
N2,0.14098252766530267,0.7666674950299606,0.006375175381145231,0.013275633193421114,0.07269916873017035
N2,0.14295607087971796,0.7975567529403319,0.0039702544407183744,0.012842638806118625,0.042674282933113095
N2,0.08578189173481628,0.8266488249708213,0.015290530545052085,0.008944866285489888,0.0633338864638206
N2,0.19126006352836764,0.7299007748868591,0.010644388252049816,0.01209640107941658,0.05609837225330691
N2,0.10065466862070442,0.7526572552209359,0.01619243765486071,0.09889201241788889,0.031603626085610084
N2,0.03342675797556693,0.7139973778842147,0.013479431239490046,0.20912953585411623,0.02996689704661202
N2,0.042562264028928695,0.773088487252116,0.007888325980386378,0.13435403656132203,0.042106886177247026
N2,0.04462304474691906,0.652418420041682,0.013004725417562348,0.2549986464927338,0.03495516330110273
N2,0.1262223193325809,0.6423371755747379,0.002735030083862943,0.18440198068699876,0.04430349432181948
N2,0.05953914504242935,0.7168449267139306,0.012105571815042071,0.17169898733129732,0.03981136909730053
N2,0.08120535162229285,0.8501244414929428,0.008456628026590227,0.023341026759626092,0.03687255209854796
N2,0.07361272965863491,0.611558020672289,0.014147602836930898,0.25462781854114713,0.04605382829099799
N2,0.049208478070340476,0.8696756206687689,0.026689032397820587,0.024209217438683567,0.03021765142438645
N2,0.07745033835561074,0.8349901106444749,0.009575943226928412,0.024686547810949134,0.05329705996203693
N2,0.03692944008371247,0.6383016664444748,0.030216385361948636,0.25798865803999066,0.036563850069873484
N2,0.051514301755905996,0.7764630619236634,0.015904575224227866,0.10521476652986976,0.05090329456633285
N2,0.06627233624630208,0.7980607714146536,0.030315628191297014,0.05752100567508884,0.04783025847265836
N2,0.034533024307793744,0.8018640051302761,0.026744569281570343,0.06519722486667,0.07166117641368977
N2,0.03931260186075166,0.8345897974879872,0.024399508121084556,0.05479603938952958,0.046902053140647104
N2,0.0384241969398442,0.793777558925789,0.051771124019147616,0.06870468597609929,0.04732243413911975
N2,0.04009802440219727,0.8595234202592728,0.061170645075534956,0.009197934248460826,0.03000997601453413
N2,0.04846859061788534,0.6407780068734419,0.05484453975218114,0.20565270564891344,0.05025615710757808
N2,0.042847091499049125,0.5958203129364208,0.025456592781131427,0.29455103596796806,0.04132496681543063
N2,0.06313183143427951,0.7872691897022125,0.02471546648772864,0.03479281420908203,0.0900906981666972
N2,0.07614442350965117,0.7781421105198911,0.023947955383010353,0.02969526111160238,0.0920702494758448
N2,0.081069681502557,0.7717849596928024,0.008978648462832627,0.013326367452238645,0.1248403428895694
N2,0.120888579555823,0.5626009407409115,0.05383201131996922,0.08322028882191732,0.17945817956137897
N2,0.07049662018578688,0.6803645896259041,0.021761342848789347,0.0033753174168077954,0.22400212992271198
N1,0.4328041735186251,0.379562656140645,0.0007676961376594167,0.014700290261558892,0.17216518394151165
N2,0.2183941081846186,0.5598993382902779,0.007733670978693106,0.014813957569981016,0.1991589249764293
N2,0.21897914389935902,0.5843322555577691,0.008798395672089026,0.04080826023381933,0.1470819446369635
N2,0.23660407832531288,0.34005419870774833,0.0026244226123300087,0.08077239263081708,0.33994490772379166
N2,0.29677918907645284,0.40642539950194734,0.00466565339535462,0.18308763378756865,0.10904212423867651
N2,0.23389071895670885,0.5620092967436058,0.0048316076945793505,0.06347534326624775,0.13579303333885837
W,0.22630912142855167,0.3145529477479232,0.002971604860211729,0.05658805053887704,0.3995782754244363
W,0.13458674961491654,0.35219060809009284,0.007804484163453509,0.10450852440175552,0.4009096337297815
W,0.011939268115802804,0.03096639101695669,0.015872281145231693,0.27154528766930813,0.6696767720527007
W,0.04917221521740942,0.05609240392570865,0.0016094527255764999,0.02925019673394415,0.8638757313973613
W,0.07618404552683725,0.036575769292015246,0.0017914915330919522,0.04276211308107875,0.8426865805669768
W,0.11195257542726028,0.20207358402174944,0.0024449830422520616,0.07099467072946085,0.6125341867792774
W,0.04571191549077023,0.11440855358776321,0.001836282972922271,0.0334423255123634,0.8046009224361809
W,0.03701641803538694,0.15592806910487148,0.0011257114208352312,0.03093836359408005,0.7749914378448262
W,0.10139834794970404,0.08345520427673091,0.0008509080721508606,0.040374527665325205,0.773921012036089
W,0.022085187002288512,0.06015619166954199,0.0020579485142540295,0.02117358066085721,0.8945270921530583
W,0.1119454850868562,0.0478037663701673,0.0005274968648771561,0.02338069303353655,0.8163425586445627
W,0.06711278388479489,0.0328472526669208,0.0016699414043442337,0.010136246754290704,0.8882337752896493
N2,0.24941009484599658,0.38589051933119134,0.0007247385436457664,0.05046957751573115,0.3135050697634351
W,0.1442195852594006,0.18394101066412766,0.0005942023640141704,0.16694394668278822,0.5043012550296695
W,0.03106483205347634,0.2425211423705217,0.0008576871061398954,0.03292097976245976,0.6926353587074024
W,0.04274271508059432,0.024222188347842493,0.0007064526474623994,0.023590717435904865,0.9087379264881958
W,0.06862586332786295,0.1581334352566731,0.0026336157516381586,0.06596569356982457,0.7046413920940013
W,0.2208600228605274,0.2251470481781428,0.001337419515537526,0.1881538175248625,0.3645016919209299
W,0.09185240273797454,0.12138234910171536,0.001466307078927332,0.09335220376165744,0.6919467373197253
W,0.056013347988481114,0.06938126018265309,0.0014066686074859576,0.035585414368293794,0.8376133088530862
W,0.12899247550516196,0.20597288541789144,0.001830648930365508,0.10201382554067741,0.5611901646059038
W,0.056681298307175484,0.23933794398912198,0.00432883801731939,0.34335868936552516,0.35629323032085797
W,0.020148704863054517,0.045937756012352046,0.008475546155393376,0.02757206616819995,0.8978659268010001
W,0.0025746475454149678,0.001391570659702812,0.00011373886770427593,0.013546586045787831,0.9823734568813902
W,0.001193491271339677,0.0007817766123723008,0.00012311771856142865,0.012534283149601857,0.9853673312481248
W,0.0030565537030973772,0.002236645391946493,0.0006230636309878344,0.0189833079215047,0.9751004293524635
W,0.003785124868361271,0.007937998610075752,0.005719641554879025,0.0014827649800302357,0.9810744699866536
W,0.0018006307769234395,0.02820604706971004,0.018933275160523826,0.0015721032222913197,0.9494879437705513
W,0.0024866907554819116,0.0799937176670716,0.07174346721550412,0.0013885811201213606,0.844387543241821
W,0.00376487507290372,0.11314349798473082,0.05363583190051965,0.0017982561157017763,0.827657538926144
W,0.0035924735036561434,0.19509162907200414,0.06164973541598414,0.0016241671643188803,0.7380419948440368
W,0.013654998916029197,0.4172480478998335,0.09483442420935939,0.0034120297206407294,0.47085049925413713
N2,0.009309227057424358,0.6358598968685013,0.11807637985561435,0.007224862496925516,0.22952963372153448
N2,0.006294800763900091,0.6231506281962692,0.1510948207677928,0.0432408765386699,0.176218873733368
N2,0.016240374541077403,0.5786905550792737,0.14464071104957826,0.06896728851661899,0.19146107081345162
N2,0.0033026808163917104,0.5145631023652589,0.11960364277143395,0.093242908022851,0.26928766602406434
N2,0.007189305258967386,0.5729117821306516,0.2250263849727108,0.06260997837322152,0.13226254926444858
N2,0.001412218265119258,0.5161103700799317,0.2047922487443364,0.17986801024685786,0.09781715266375485
N2,0.009877842573641158,0.5370525612418493,0.29776466027833015,0.0684669971220267,0.08683793878415264
N2,0.014533670063473536,0.45345441062959846,0.144946081425591,0.326944232315825,0.060121605565512104
N2,0.01875827605363721,0.6196077091435366,0.20538818937255907,0.10981162848083108,0.046434196949435964
N2,0.021598316345014114,0.5228553395763285,0.10979362511434827,0.26751947606174775,0.07823324290256144
N2,0.025130310708380777,0.5759035513958423,0.06570182872000872,0.2572528119658403,0.07601149720992793
N2,0.03083469253720192,0.48353562769923975,0.05507296151720205,0.2765144675512895,0.15404225069506688
R,0.02825036128595782,0.3757029293832458,0.08270294295029958,0.41166663534065484,0.10167713103984187
R,0.029786661498433585,0.28027277958363184,0.018145191611063847,0.46332088633022483,0.20847448097664598
N2,0.036200844010512906,0.45327182795597787,0.10588698840569423,0.2789259167729573,0.12571442285485776
R,0.032817356795719614,0.32823510432265707,0.07459203665016204,0.4547787520371214,0.10957675019433992
N2,0.036809099567059425,0.479860651303186,0.05096266629341248,0.27749869953130274,0.15486888330503937
N2,0.023259669496281485,0.6173829167967387,0.09111119288916938,0.20113857177476752,0.06710764904304284
N2,0.03678099654117435,0.6247378447866945,0.07383452288865773,0.18808561179120933,0.07656102399226397
N2,0.04867468362081131,0.589618155562685,0.061157260239918555,0.21441516778064057,0.0861347327959444
N2,0.03601239936357743,0.5813756500604159,0.078879200930349,0.23851435073014707,0.0652183989155107
N2,0.024924054669885263,0.6652423653194338,0.08445315714415141,0.1395297477135604,0.08585067515296914
N2,0.03962488044070987,0.46922934503085245,0.047777673429456935,0.33261524331522363,0.11075285778375714
N2,0.03501492375341091,0.7408088787371662,0.03514375529625623,0.14429815596764173,0.04473428624552483
N2,0.04278812365739724,0.7531676818291858,0.04424051628597542,0.1143321877360203,0.04547149049142109
N2,0.0549836471924058,0.8155027673576868,0.024752673028795955,0.06736659079282038,0.0373943216282909
N2,0.0192721708637758,0.8567297879536161,0.08585844213780836,0.014940314679927374,0.02319928436487245
N2,0.016521457919033124,0.885462519450414,0.0651015625185004,0.015272953862251717,0.01764150624980081
N2,0.014924765106193862,0.8335649833608572,0.11193677198513512,0.007608955502512806,0.03196452404530125
N2,0.010752158911057068,0.8172089039715588,0.13061239779748257,0.014865046521791915,0.026561492798109692
N2,0.014686582757482912,0.760909529715181,0.08750485718250017,0.11164546967353396,0.025253560671302033
N2,0.01671911651977502,0.8468816126327207,0.07924498383942905,0.023589455507386385,0.03356483150068899
N2,0.006391861500833016,0.8598814834763219,0.0883032482775068,0.002576461080022178,0.04284694566531609
N2,0.010229301179671104,0.8122413370996253,0.12414399845904751,0.0037855937921556543,0.04959976946950046
N2,0.027709802211952992,0.8937809614001154,0.046349851227713186,0.006703596443961714,0.025455788716256866
N2,0.02036860435196701,0.8102478161679928,0.0309777307536788,0.03092820554006268,0.10747764318629878
N2,0.040878108182784915,0.7579708546113404,0.051416308317489855,0.1126862825173036,0.037048446371081074
N2,0.028616477483682786,0.7974746618016866,0.04355947808755903,0.07213077347557785,0.058218609151493544
N2,0.030686505600712018,0.7923441118363627,0.06204706719907528,0.07865611351704846,0.03626620184680166
N2,0.023338853953965014,0.8094830500522575,0.09866718834874441,0.022330858521046982,0.04618004912398612
N2,0.018434420018353378,0.82779786583668,0.09124630227517429,0.031648236432435785,0.030873175437356577
N2,0.015054461680209333,0.8511111424769372,0.09143987748810088,0.01043219123691713,0.03196232711783539
N2,0.009499634415659234,0.9108281821766846,0.058894310098215504,0.008087549011446316,0.01269032429799433
N2,0.014852248445442171,0.8176296637633167,0.13606976140771432,0.0058522203946506325,0.02559610598887626
N2,0.014380733382334853,0.8932798469043886,0.059314244038658454,0.0042337058363685846,0.028791469838249643
N2,0.05865036420037223,0.8308475835009079,0.04851311102173029,0.011836189906642616,0.050152751370347026
N2,0.03955196040307757,0.9074734581498508,0.02382991047505041,0.00553872761238211,0.023605943359639156
N2,0.04751492187651548,0.902982824012799,0.013140346506235013,0.012214872916276839,0.024147034688173624
N2,0.02948235428381144,0.9281427215576188,0.009303567558642527,0.01712235374498756,0.015949002854939765
N2,0.031926448060312994,0.8917954711374035,0.013685469900805759,0.015534864995257502,0.04705774590622034
N2,0.06875885959640059,0.8661211102530366,0.012213206307172984,0.018217748767171464,0.03468907507621815
N2,0.03898982734625142,0.8776661161649327,0.013775232206048947,0.012455281923861394,0.05711354235890558
N2,0.0712927483813744,0.8451576019922781,0.01631507023291631,0.02920148175256894,0.038033097640862344
N2,0.03465520861875116,0.8926277268151956,0.004409340228755501,0.021464106556832487,0.046843617780464954
N2,0.033104357642807454,0.893928535732053,0.014482490006344604,0.026076236313993344,0.03240838030480163
N2,0.037825877782741026,0.8827645462393012,0.012469158145942898,0.036121941740873485,0.030818476091141456
N2,0.061431848713258234,0.8147542050629576,0.022842791328290226,0.048113902318033905,0.05285725257745998
N2,0.0317488473657704,0.8695571194153456,0.012063136325311703,0.04891953348400105,0.03771136340957128
N2,0.05921193608078958,0.8179396422513378,0.026378079102822426,0.04042642600541551,0.05604391655963463
N2,0.0632255477215669,0.8170902822555149,0.021285382037924436,0.03341623970331874,0.06498254828167506
N2,0.04514404552924436,0.8011879531213382,0.023712025658463698,0.04850753466274363,0.08144844102821033
N2,0.05495253047693718,0.8280219851608103,0.0259759946428242,0.0314135618424277,0.05963592787700071
N2,0.045031470663985336,0.8387745797447376,0.021247003214984794,0.025223954775317536,0.06972299160097487
N2,0.040312567770516526,0.8487310804927755,0.012950439849889762,0.03379038412197699,0.06421552776484121
N2,0.051746989470361195,0.8450034445871067,0.010833672184807651,0.0415065453456031,0.050909348412121226
N2,0.04509249279789204,0.8756744650214702,0.02182291410928908,0.021272125165991904,0.03613800290535669
W,0.010216737303021082,0.08716336483595033,0.010379014453308424,0.017603768476437392,0.8746371149312828
W,0.008634882907412942,0.005740857871918164,0.0006248271085387028,0.028842559252830937,0.9561568728592993
W,0.02151943375533727,0.009956164441490726,0.0001186631454012191,0.2036020421720497,0.7648036964857211
W,0.015022184031290083,0.02184869722869747,0.009384129917100116,0.14949728698133635,0.804247701841576
W,0.1012144208032756,0.17613227667352427,0.0025505757591177637,0.015006152953117202,0.7050965738109651
N2,0.28050423652930995,0.4531077752676718,0.000408097344020749,0.009376060762685786,0.25660383009631177
N2,0.0620409514961886,0.49351601539214207,0.0009639136951047603,0.0112069873783943,0.4322721320381703
N2,0.2123580689944303,0.565895762483719,0.0039765585734247546,0.018631022170920206,0.19913858777750568
N2,0.09338206719189185,0.7055231636256704,0.0033841245626789127,0.021336825662191472,0.17637381895756726
N2,0.1003062409296814,0.6037515058024614,0.004666932746517649,0.04273335484639953,0.24854196567494008
N2,0.013691387806065602,0.9443152395448305,0.00507217763744283,0.008292677508664624,0.0286285175029965
N2,0.012592220645106946,0.9339447738300325,0.007718602564106956,0.017214449663832256,0.02852995329692153
N2,0.013990977058535081,0.9548682262379372,0.0012776308185437648,0.015089218421944614,0.014773947463039512
N2,0.017798897928287014,0.9385142597766372,0.0007379876501528571,0.014642268759241985,0.028306585885681062
N2,0.012136050105478115,0.95674875972287,0.002746374320900276,0.010270637420151742,0.01809817843059974
N2,0.015103468218544185,0.8714217432184921,0.053616876199120915,0.009405036184006536,0.05045287617983638
N2,0.010344176075648012,0.8883356253692003,0.05633173558571246,0.014220565230776217,0.03076789773866309
N2,0.016930861271949788,0.8808389368389676,0.05418760997306236,0.02117700168939104,0.026865590226629106
N2,0.010908506554662406,0.8963647525564701,0.05234971293270371,0.015252005317294657,0.025125022638869145
N2,0.03337209355652691,0.8959300667733842,0.018292143114993026,0.014990601681425375,0.037415094873670444
N2,0.01259815653397042,0.9482783419831796,0.011666306393198942,0.006589375862026208,0.02086781922762467
N2,0.005107862569479146,0.9514853497421657,0.0296168880640972,0.003864112167382694,0.009925787456875269
N2,0.011154867829093657,0.8985184491578372,0.07412596309375301,0.008945481490118846,0.0072552384291972175
N2,0.0026139349574234093,0.9677047558140176,0.017802660669384747,0.004337418883037069,0.007541229676137106
N2,0.004246486843366333,0.8712703507530578,0.1045683341161985,0.006970467667192682,0.012944360620184558
N2,0.004228512811635394,0.9373447466817648,0.04494677697166038,0.006182652501805293,0.007297311033134025
N2,0.004080153245691947,0.8879220539249322,0.09026179908406515,0.005036979921399599,0.012699013823910962
N2,0.00439287977153811,0.7913851474393753,0.18434914341341788,0.0049297300282590325,0.014943099347409663
N2,0.003017774470049441,0.9353549340715721,0.041043361679581385,0.004209069223109247,0.01637486055568796
N2,0.0059809461174031445,0.8151731821550867,0.1126504945748753,0.002989895419648078,0.0632054817329867
N2,0.004393421047451971,0.7590427806907054,0.1869678522418329,0.005073327485449893,0.04452261853455974
N2,0.008499034003872967,0.784382514119995,0.15257059843208318,0.015509586834066868,0.03903826660998183
N2,0.006733596624125377,0.7982064048548471,0.13907908115855067,0.00702823906323098,0.048952678299246107
N2,0.012126270868577463,0.5566119550507975,0.18405810535240666,0.003839524999841378,0.243364143728377
N2,0.010302747720972746,0.7209996138712889,0.17901162294843237,0.0031493129534706705,0.08653670250583552
N2,0.007197981818655751,0.7350823354282855,0.14865681675991504,0.0017764150466147398,0.10728645094652892
N2,0.0047835114172903705,0.7185065230110408,0.2403409169794883,0.0015283953931480067,0.03484065319903245
N2,0.025775567641364985,0.8225841789512028,0.0836194874785261,0.026768132049816595,0.0412526338790895
N2,0.005805596470489793,0.7982031386745553,0.1598179232605353,0.012801048388930352,0.023372293205489305
N2,0.004566004926708525,0.8027686485082685,0.15683552550216343,0.0071623971928681885,0.028667423869991458
N2,0.010265603946660162,0.7085024685756827,0.23347534414860843,0.0067748385257266975,0.0409817448033222
N2,0.0072861409128879995,0.6542795336509416,0.2626298520309196,0.004629042865271116,0.07117543053997957
N3,0.01132335383521786,0.3957187788074315,0.47629632255068927,0.0021883962231686927,0.11447314858349271
N3,0.003964081135200295,0.4514813493704106,0.5032051438526055,0.0007107694935907059,0.04063865614819287
N2,0.008619775105422941,0.6637978475886765,0.20132772699067372,0.0013835775119492133,0.12487107280327747
N3,0.0012838311207723396,0.3171607421313895,0.6595687707891837,0.0003657346694860568,0.02162092128916849
N3,0.0022647854271849047,0.31205527148447637,0.6633480378413071,0.0004001077463157605,0.021931797500715857
N2,0.007161734103898472,0.6008353552781173,0.3048254132362781,0.0026198037483948313,0.08455769363331117
N2,0.02761419892784686,0.7326080364371521,0.06463694029677432,0.021115080514112122,0.15402574382411446
N2,0.03806455540237941,0.8600036721205482,0.03919462370224702,0.01520734908996588,0.047529799684859424
N2,0.017700367826413255,0.8827388839367355,0.041263259070057276,0.005963676104441532,0.05233381306235235
N2,0.011244554717079339,0.90560639446634,0.04881653166152962,0.001420708137492312,0.032911811017558745
W,0.01700011586108763,0.11311034635430045,0.005873956802295397,0.01980204611100684,0.8442135348713097
W,0.01359437945210478,0.09603705303342243,0.0057771247904321674,0.0011816877677060002,0.8834097549563347
N2,0.09899332419433272,0.5128250174094136,0.002707495490132182,0.00619699009375564,0.37927717281236584
N2,0.08448568439418916,0.6242741896078429,0.007810174972256594,0.005927434807524959,0.2775025162181864
N2,0.036014228048240615,0.8973009909264542,0.026544603796355617,0.0056024391457665515,0.03453773808318302
N2,0.07732484509572779,0.6729649790776437,0.024369059359778716,0.006677103266746231,0.21866401320010348
N2,0.06925494743311696,0.8482374695633333,0.007563198094502549,0.006175475528582236,0.06876890938046507
N2,0.08467845395329031,0.8202759872554757,0.014773579929668615,0.010538830249172891,0.06973314861239244
N2,0.058945391493035085,0.6819458711007506,0.03295083705693854,0.02226806640641494,0.2038898339428611
N2,0.018100671117863388,0.920032989229014,0.020425824041232186,0.01496213612874305,0.026478379483147386
N2,0.018541627657815845,0.7802563669738302,0.043160488095054614,0.012315531718561588,0.14572598555473776
N2,0.013062126612403923,0.8900488653468728,0.031450341087444975,0.006811249812523828,0.05862741714075442
N2,0.02210614007857296,0.9243827061297237,0.013576512923259183,0.012137039946579706,0.027797600921864396
N2,0.010063795866560813,0.9146878427660545,0.033990515424827665,0.008860865704003422,0.03239698023855382
N2,0.014153525470000424,0.9533783383454036,0.010505119666988437,0.005431934679401548,0.016531081838205754
N2,0.04620255266012432,0.856857385072055,0.012859409475822103,0.040732826780418646,0.043347826011579625
N2,0.05361164671508391,0.8685587076049888,0.015049665071139402,0.028616616766399094,0.0341633638423889
N2,0.05921539091988704,0.6828915679777118,0.023209339823224668,0.09628473455257287,0.13839896672660373
N2,0.0162741490693854,0.8613830184860095,0.054577023003457376,0.01833320751295561,0.04943260192819206
N2,0.01968857841771592,0.8950629809784804,0.030687708706307177,0.01761384367492748,0.036946888222568836
N2,0.025930724737976918,0.8575473208831642,0.033498454213311386,0.020989839133152007,0.062033661032395486
N2,0.015206580032689147,0.8968204025093499,0.04016597474445232,0.022042930517155175,0.02576411219635318
N2,0.024015975843382897,0.8860263267358863,0.012006376986218027,0.05951745151871634,0.0184338689157964
N2,0.013931880956815476,0.8326994950494926,0.0746946557342798,0.043617270765304236,0.03505669749410774
N2,0.009372936125703514,0.8356266243111078,0.1057489334440344,0.021255446988078113,0.027996059131076466
N2,0.027009825156897985,0.8451773622135852,0.038004605307950044,0.039554306357092346,0.050253900964474414
N2,0.009333664204591436,0.7597026066540011,0.17189954197170051,0.01552688032126531,0.04353730684844166
N2,0.012979747602265397,0.7421586774216828,0.18477461222959218,0.016307521220649518,0.043779441525810085
N2,0.015291160392282047,0.7562493531781804,0.1190974709790786,0.011766310729999716,0.09759570472045913
N2,0.011805254766852409,0.6564312623824807,0.17376690316406262,0.003627147404460162,0.15436943228214411
N2,0.01969016689311715,0.7784617769671736,0.03397996951125256,0.002810044939528749,0.16505804168892785
N2,0.07344003450446022,0.48498149669075713,0.007730867744090055,0.006030347991096568,0.42781725306959606
W,0.025217966116231116,0.22919427173741072,0.010489263717232702,0.0055171959656202,0.7295813024635053
W,0.01870225324522353,0.10668266828466128,0.0010382911875594645,0.0020330333024195088,0.8715437539801362
W,0.08115185327758723,0.4180758082747412,0.02033541489414704,0.01245030268984743,0.46798662086367704
W,0.04441998872786205,0.0352273007116713,0.002433472149271573,0.0331921170815449,0.88472712132965
W,0.11243262794901039,0.2545360256714867,0.003613211706969066,0.030394379879999694,0.5990237547925341
W,0.12085100171969877,0.32518760515318473,0.004438059618543735,0.04602324428222531,0.5035000892263474
W,0.025566934953827596,0.02657458134722856,0.0005718878631864041,0.005873787237986708,0.9414128085977708
W,0.009451722005860821,0.013872701125734585,0.0054686169814039025,0.005102059647241713,0.9661049002397589
W,0.16533588576701888,0.03192821991664099,0.002106137587072258,0.007700914208661771,0.7929288425206062
W,0.2540908650136051,0.07564328564711581,0.0017032265269723167,0.016872405556456787,0.65169021725585
W,0.05616599213384304,0.0236628923971702,0.00034016634067136604,0.003160837076029388,0.9166701120522861
W,0.11555594096726755,0.04678235331885446,0.008020847697162681,0.006733514358562894,0.8229073436581523
W,0.07485171200861647,0.021352965897523103,0.003781096992500068,0.005185268280800666,0.8948289568205597
W,0.022120980535395254,0.09679208570804565,0.006640073575256026,0.0033026337994875817,0.8711442263818155
W,0.33600539348888275,0.07472738585019227,0.0018716455902432544,0.018036672891867014,0.5693589021788148
W,0.04825992103982513,0.09519248411503765,0.0017025377543926456,0.003721949554739606,0.8511231075360051
W,0.14085922616855268,0.07794704061240908,0.0017927764756556122,0.01500534525358213,0.7643956114898005
W,0.24321025468137658,0.038817651169212576,0.0010901929996293995,0.024761624381351485,0.69212027676843
W,0.18299958067553793,0.07243780308739305,0.0024399005838293833,0.014909493909549563,0.7272132217436902
W,0.1287046416211419,0.3033205505295822,0.006546623966236181,0.01300172403232605,0.5484264598507136
W,0.2614906239653878,0.1820970540547488,0.0043754031395315885,0.029034757670652035,0.5230021611696798
W,0.2691733263939531,0.09785421343228029,0.0023787682547630248,0.03512422922450364,0.5954694626945
W,0.1525033086522897,0.057769104802640074,0.0017768734919211243,0.03949490652455137,0.7484558065285978
W,0.29657205223660005,0.12675562261025833,0.0065839296937280625,0.029546020774011944,0.5405423746854017
W,0.2683328306961923,0.11434061396109568,0.020454516807363335,0.04771318215816166,0.5491588563771871
N1,0.3853187047286317,0.16104932014270168,0.00871124991908784,0.08828693005180585,0.356633795157773
W,0.1929218606774344,0.2928854195255463,0.008518820409452232,0.03897475802612114,0.4666991413614459
W,0.2269300838423147,0.2210278322462929,0.008337998613090447,0.029008016890424523,0.5146960684078774
W,0.13560461738254095,0.09546498896205208,0.007339781513782823,0.02317303916870031,0.738417572972924
W,0.19779356808050635,0.20053281467655007,0.004007153956436713,0.024115568877689075,0.5735508944088178
W,0.127397892854263,0.07347917644877094,0.008181584338215015,0.022761685053453936,0.768179661305297
W,0.010650497654177667,0.02182712337387555,0.00742881874133826,0.007430814963988519,0.9526627452666201
W,0.06104168584813259,0.16650243278693924,0.004340177799722736,0.035069414482995054,0.7330462890822103
W,0.06044839616268312,0.020347899770146984,0.0007048858213802007,0.02336419059642022,0.8951346276493694
W,0.0018364345273175018,0.0031024412150508908,0.0003611459314031196,0.03813001231628887,0.9565699660099397
W,0.009233067149959483,0.015212801029230928,0.0035941087992057887,0.018703909800398415,0.9532561132212054
W,0.08345141857355695,0.019589688722576284,0.0003593003913543797,0.050649861776220946,0.8459497305362915
W,0.057254039872812114,0.01058369930602049,0.0001750115217451304,0.015949944041353133,0.9160373052580691
N1,0.4707112556892253,0.038245243064442325,6.806876788107655e-05,0.06376836058366926,0.427207071894782
N1,0.5142397224702989,0.12011096883940771,0.0003410665392798144,0.11847664296577391,0.24683159918523975
W,0.012908983347867456,0.011174561580560375,0.001059182654778998,0.22437729112192603,0.7504799812948671
