Stage,N1,N2,N3,R,W
W,0.009821729681336726,0.004556054593532154,0.0023547252893624474,0.011450695003558952,0.9718167954322098
W,0.017171783294468213,0.012169100846810381,0.001079977002509359,0.0004730837574215192,0.9691060550987906
W,0.020067744239253185,0.011352416813025509,0.00047865425589132784,0.000550660404542615,0.9675505242872875
W,0.1976984750363807,0.023348528674479733,0.0016891257300553958,0.0018862253296494616,0.7753776452294346
W,0.05986019852384991,0.09809974593665886,0.0158881576784681,0.005587510504509221,0.8205643873565138
W,0.003885881886065423,0.00372744993859027,0.011131428951388616,0.0036224152147932925,0.9776328240091623
W,0.019205633100026598,0.006890806011692128,0.010205575638922089,0.00912822495020344,0.9545697602991559
W,0.0021623308949329885,0.0016278611136604552,0.005795026109816637,0.004028544140082121,0.9863862377415077
W,0.03563410752077714,0.06180758436668702,0.0005136703747125268,0.0023087800456646837,0.8997358576921587
W,0.014388610492539904,0.031063944867700526,0.0005062895993557073,0.0020839361342734706,0.9519572189061304
W,0.030483937727790646,0.019084054614369215,0.0013826929038435313,0.0019302186962614314,0.9471190960577351
W,0.005378423452067849,0.04184061611295865,0.0035621588566466566,0.0018584279263409236,0.9473603736519858
W,0.0682673789520697,0.20419093287235626,0.020474118788637672,0.008930522983591637,0.6981370464033448
N2,0.041904926102887236,0.5657524681453876,0.05511173859391297,0.007753163637334837,0.3294777035204774
W,0.02175075198059023,0.25471302790606826,0.01694614757149219,0.012757573342106131,0.6938324991997431
W,0.05060953914601337,0.21453040135931728,0.016915700327522293,0.034488447709592474,0.6834559114575546
N2,0.06837498903553536,0.5699842996474203,0.061474272291332864,0.009704763069461391,0.29046167595625016
N2,0.043227041298454096,0.7403443969281743,0.08130725949004805,0.02090355887356764,0.11421774340975585
N3,0.0029791178796900976,0.22364289857631706,0.6496592934480219,0.00023589233014091634,0.12348279776583014
N2,0.0077753636397594845,0.4510530555134639,0.4155993885987464,0.0002736504972330642,0.12529854175079716
N2,0.02875795835202003,0.45507937234225077,0.3016437943852841,0.0006290791203976774,0.21388979580004747
W,0.0018934619501174042,0.07940669174320623,0.34303319800276627,0.0019812157512007398,0.5736854325527093
N3,0.001271761862765994,0.14854816065402918,0.5171810982393189,0.0003197732003713465,0.3326792060435147
W,0.0015087989754715308,0.13484389586023363,0.3274102933538239,0.0013072457848304479,0.5349297660256406
W,0.0028155301250412665,0.26162705285711507,0.13492175424096609,0.000362499909328786,0.6002731628675488
N3,0.0005841138475863051,0.009766254456598913,0.7866241258194154,0.00414216390257079,0.1988833419738286
W,0.002146982851700222,0.023878644835000597,0.27581512352362836,0.0003495979902551328,0.6978096507994157
W,0.011091156509223401,0.006537258978305181,0.011819345658909245,0.007113291479072239,0.9634389473744899
W,0.00409099444184614,0.008484539731375853,0.191186530985261,0.005774764318849545,0.7904631705226676
W,0.2621610253348407,0.16707617221956747,0.05915346335098969,0.0012162266433119898,0.5103931124512903
W,0.03187362266663454,0.0662435035081868,0.019307618239531123,0.000743160811668894,0.8818320947739787
N2,0.05853585909608638,0.46539979532499365,0.15147601337277922,0.003791387997775719,0.3207969442083651
N2,0.03809702421830418,0.7866376503385932,0.01765415787264182,0.0022933950960666843,0.15531777247439388
N2,0.05757437257757498,0.5137950671314943,0.03918942458801266,0.006394630114041647,0.3830465055888766
N2,0.008403728458304255,0.6714589252008285,0.14888008128195304,0.0013260228763871016,0.16993124218252703
N2,0.007199391975072825,0.5572646742841433,0.14218279907367104,0.0014363801515285583,0.29191675451558424
N2,0.0047726338011547355,0.6286380527458906,0.22157609753022117,0.0021958710879780366,0.14281734483475553
N2,0.016655394111506825,0.7300431326300699,0.21356441242231192,0.004616918978018849,0.03512014185809246
N2,0.02954465875072284,0.67175729452205,0.27508855642778374,0.00371933582542909,0.019890154474014328
N2,0.03464598176950998,0.8008495332589218,0.1117521191294982,0.01507521092464708,0.03767715491742297
N2,0.027528577644581147,0.8560879622191193,0.07226540965089542,0.01932057924387939,0.024797471241524736
N2,0.03130897960085402,0.7822256993418977,0.11687050625665538,0.03081322472091974,0.03878159007967302
N3,0.0016963021431043706,0.2125300302734016,0.7086345587534916,0.0035071366007897163,0.07363197222921275
N3,0.0014616229375375895,0.046962167357841575,0.9239893302048288,0.010731800515009804,0.016855078984782168
N3,0.005159094292722554,0.18241754980756736,0.787687304787279,0.006454762511252835,0.018281288601178218
N3,0.030418925913180683,0.3100885351390682,0.5823797864419173,0.0045332127541761694,0.07257953975165765
N2,0.03074292585095391,0.7570728042232507,0.18794730569966583,0.006600105108206301,0.017636859117923082
N2,0.19748463701999489,0.41317116382201735,0.34999853549642646,0.005568186810309871,0.03377747685125149
N2,0.020210875412812964,0.38731574476130076,0.33488546973914546,0.005957011865804847,0.25163089822093593
N3,0.09344235685808135,0.21632185366326775,0.35644274249144015,0.006454176594316979,0.32733887039289383
N2,0.04283838661417157,0.5088239593536796,0.38359718289642897,0.01736971952215907,0.04737075161356069
N2,0.08617421808434417,0.6869846261619317,0.12426437258318178,0.03357851103085691,0.06899827213968529
N2,0.03836380461963812,0.8813058791970693,0.03319695380867457,0.018706362895437905,0.028426999479180173
N2,0.02746568459833629,0.9210449142122233,0.025716928576185762,0.007718366312348755,0.01805410630090586
N2,0.05973189430320867,0.784333878737562,0.05687102893409653,0.02525695527112878,0.07380624275400388
N2,0.08499812213626726,0.8514515608786132,0.016297165887343108,0.026820902349860745,0.020432248747915473
N2,0.038465710590095056,0.9022490179369247,0.026789930811417208,0.01739015216006741,0.015105188501495724
N2,0.04542978592699521,0.8428923846901979,0.03148825724225286,0.06866567313975028,0.011523899000803932
N2,0.03531525424412837,0.739958158772147,0.013057469951423943,0.05852401665495537,0.15314510037734536
N2,0.035110373997419876,0.5476647502977833,0.010238175308884078,0.22599555855576697,0.1809911418401457
N2,0.04109872063521254,0.8390964143568926,0.013407043860267863,0.0921086488583873,0.0142891722892396
R,0.016383926956883507,0.3561286892228815,0.0052068559253520596,0.6153996083473494,0.006880919547533534
N2,0.016207244844047588,0.8453463576315724,0.026258118796670876,0.08015922207648453,0.032029056651224616
N2,0.007917422844074437,0.36042965206871147,0.27634114820673394,0.3130846799589618,0.042227096921518444
N2,0.02002794015914301,0.38507850859700626,0.21863120232344643,0.3455578942857808,0.03070445463462355
N2,0.009254387097795608,0.5685178444432518,0.3620895814598245,0.02208444054696827,0.03805374645215983
N3,0.0020882505653603708,0.22693935014055322,0.7477191123091121,0.0038837203365140395,0.019369566648460183
W,0.007752539577324894,0.3778755736125377,0.16104239251551924,0.05828255712941988,0.3950469371651983
N3,0.0054501118601934994,0.20065230030603953,0.6264829400217446,0.025115802088378287,0.14229884572364396
N3,0.0013089484733658809,0.06428956505753095,0.7081969193471598,0.015482536529971688,0.21072203059197167
N3,0.0009509179302769386,0.07401885404123007,0.902416539240835,0.0049237612119645,0.017689927575693643
N3,0.000606087110598426,0.05476429852966559,0.8929638574875242,0.004328952475071071,0.04733680439714088
N3,0.0013240620617978721,0.08970659951116339,0.8075397567139148,0.011141515318724086,0.09028806639439993
N3,0.0009123825347739805,0.07270962646488595,0.8734011245272832,0.008854731675584213,0.04412213479747271
N3,0.0009747748773715773,0.08467788716526922,0.8926031271762708,0.011188240272162097,0.010555970508926328
N3,0.000555473715832423,0.06850834607951899,0.9129811931591842,0.012828304416468813,0.005126682628995391
N3,0.0018379075324843498,0.11461623920534832,0.8419444825981188,0.031695968085080524,0.00990540257896791
N3,0.0020641445492616557,0.2086694609550388,0.7572798568366814,0.002693405057081072,0.029293132601937118
N3,0.005127379983754422,0.26584851401937465,0.6490926603741526,0.06676408011784049,0.013167365504877944
N3,0.0011096344504651985,0.10540731978565815,0.8685237625485076,0.017753104957393483,0.007206178257975663
N3,0.001154406731947532,0.08882431089031531,0.8238673557418484,0.055945571760287735,0.030208354875600956
N3,0.001128058098352015,0.1337900192658339,0.7804561790846567,0.05862025949197389,0.026005484059183424
N3,0.001473718533852743,0.12059373644636158,0.8063948185130373,0.056335086360064346,0.015202640146683984
N3,0.002186552376534757,0.18455853757177548,0.6816054705623682,0.0891305174556184,0.042518922033703097
N3,0.0021644181361039003,0.13263879795901085,0.7596168462601818,0.08794385004838193,0.017636087596321605
N3,0.0032105529678337617,0.214663995615854,0.5895099858517499,0.15649234580785093,0.036123119756711404
N3,0.0013760373200260383,0.15428708089637252,0.7643806351352115,0.05705176429197634,0.02290448235641371
N3,0.002780468507720533,0.19336298886398956,0.5310487840448583,0.13290654884721223,0.1399012097362193
N2,0.00663498199578313,0.3655203650590872,0.3474141137889902,0.21852506641372121,0.061905472742418345
N3,0.004325521937402244,0.23016793599208507,0.4296105583299972,0.2700373989647168,0.06585858477579852
N3,0.0027152910796859,0.17627695445717237,0.692644256360346,0.11510629646706998,0.013257201635725703
N3,0.004317923447736042,0.2557528535070334,0.7078182408446031,0.010493175808627516,0.02161780639199997
N3,0.0010656412027640707,0.11089808431455805,0.8730493898761148,0.007091134757139868,0.007895749849423062
N3,0.004240867006949465,0.2652708286325209,0.5642900328841387,0.13370182029141048,0.032496451184980533
N3,0.005204806592104015,0.407166004540074,0.5150652473048427,0.02513300678999069,0.0474309347729886
W,0.012819586544294955,0.2264233164287556,0.1090697575553704,0.28154223875009965,0.3701451007214793
N3,0.007316438932740127,0.24587777842125552,0.5068921700292132,0.1954027594812334,0.04451085313555774
W,0.009195315223574654,0.12753405124480943,0.07604764517006438,0.16333400970944914,0.6238889786521024
R,0.014356027596708254,0.180499577936467,0.3125241623062026,0.32578919483926005,0.16683103732136215
N3,0.004834781954562808,0.22754499792035066,0.6283779512897222,0.012501738090651523,0.12674053074471292
N3,0.004898988579895113,0.16247787660248247,0.5159552907017979,0.14038893543633743,0.1762789086794871
N3,0.0018437449046783646,0.16090792803093318,0.7251787853211368,0.08362631577365945,0.028443225969592274
N3,0.0031986056380985156,0.22541608884016584,0.6627444629636216,0.07890434158371493,0.02973650097439905
N3,0.006887786679250267,0.240708784473127,0.4097969618062802,0.31314181890026765,0.029464648141074915
N3,0.0027296362712795103,0.11073665389941938,0.6950534488140214,0.17056679852939777,0.02091346248588193
R,0.004812054827697718,0.19224319660929087,0.34388145740951864,0.4079559384048347,0.051107352748658186
N3,0.0040317977263273465,0.1721387878685945,0.6035135434258125,0.17009188227892882,0.05022398870033671
N3,0.0029281382939289717,0.11104175946374786,0.7305612942109349,0.1027086892905064,0.052760118740881795
N3,0.006127483307354675,0.17222448497916404,0.5978265287527007,0.18615424691708907,0.03766725604369149
N3,0.007790686379424675,0.22809822244321165,0.4880220030698731,0.23699601601282858,0.03909307209466184
N3,0.008624795241874475,0.2238697629496284,0.45707159955474236,0.2501569345874541,0.060276907666300665
N3,0.00419394928822012,0.19576830308746443,0.5644271843908757,0.13918508571148006,0.09642547752195973
N3,0.0031219637151911075,0.12562851996460458,0.6283427098268202,0.16367968626584517,0.079227120227539
N3,0.0016355154484548318,0.08210344115507982,0.7905305756974753,0.09092036737908671,0.034810100319903135
N3,0.002026839723651348,0.09422382947852657,0.7319756668960328,0.11006822287719942,0.06170544102458985
N3,0.0033311500455982137,0.14000780381870562,0.5813558970161108,0.13852597988015203,0.13677916923943337
N3,0.0016365541457626128,0.08114768267269816,0.8073266598741035,0.03708392590423308,0.07280517740320278
N3,0.0013734587011074205,0.05170530188645061,0.8951422056926467,0.018292433482557213,0.03348660023723805
N3,0.0015635374067072179,0.06215121745510459,0.8847206366551409,0.01848914363261199,0.033075464850435186
N3,0.0009730565572495294,0.031324603088907325,0.9264087876063054,0.008369822279844575,0.032923730467693264
N3,0.0009861778328189308,0.03440547189582301,0.9161718565866874,0.009887272792250063,0.03854922089242054
N3,0.0008241731259259305,0.03549695171605142,0.8988715701648122,0.009872719992104251,0.054934585001106255
N3,0.0004669215406270828,0.025421168982913,0.93476286692867,0.007409885475761053,0.03193915707202905
N3,0.0006615797042868353,0.029326583489132904,0.9280854294192602,0.008193930727614375,0.033732476659705884
N3,0.0011042827322813972,0.05008738310165585,0.8775922969892337,0.01608391473189577,0.055132122444933394
N3,0.0015726507652744225,0.05795610300791031,0.838168881956517,0.02431923862447525,0.07798312564582296
N3,0.001538561046873574,0.03674615645466142,0.7687334103005918,0.024578780325867834,0.16840309187200536
N3,0.0014283762535260624,0.04545032413590767,0.8307649407295987,0.02874811150225342,0.09360824737871429
N3,0.001751060527468043,0.03365561174748418,0.658844035297088,0.023400588645952024,0.28234870378200766
N3,0.0005064397232556309,0.013377767836918943,0.903187873071368,0.007215604390607325,0.07571231497784993
N3,0.0019584010534252024,0.031093143078317835,0.6871420374618781,0.021480641808590457,0.2583257765977885
N3,0.0016745062002047992,0.03628587624011651,0.8358735503602892,0.026797638599061684,0.09936842860032795
N3,0.0005561334680343735,0.013931988029406168,0.942775877063388,0.006788036411882079,0.03594796502728929
N3,0.0023083223367270484,0.04773142441811818,0.8678065765507084,0.030675272919958363,0.05147840377448792
N3,0.003965318044143065,0.1262537582714533,0.7493022303395189,0.051121816006035214,0.0693568773388496
N3,0.0024992379236821118,0.06954431417505422,0.8170290052682918,0.028755297256256928,0.08217214537671493
N3,0.0014664664448770786,0.06763464314975126,0.8759136529533064,0.03149408068589515,0.02349115676616998
W,0.012052363847377123,0.10618422713218091,0.27345724313777847,0.047617787757629086,0.5606883781250345
N2,0.03145636147882609,0.6697158898919033,0.15807569415940578,0.08146828969576479,0.059283764774099856
N2,0.03622781139811326,0.4159743101500638,0.3220384351838574,0.07618104326047088,0.14957840000749448
N2,0.03498389441999024,0.541910077438224,0.12901544386834582,0.01266773495562701,0.28142284931781303
N2,0.04433857430809817,0.3963702543130708,0.35776658188312316,0.1715606407808272,0.02996394871488066
N3,0.03319355360571908,0.32871811096772985,0.3382416290257263,0.2582068319322751,0.04163987446854968
R,0.006629396035237442,0.10761154400800275,0.04104962334641794,0.8279255026359483,0.016783933974393466
N2,0.03278718670410935,0.7221634328537536,0.07226683865133122,0.06650024195707428,0.1062822998337317
N2,0.0600678080693723,0.622886241643953,0.05351313462764188,0.15460791842043636,0.1089248972385965
N2,0.08920253014531324,0.4352206519368477,0.027219914484703872,0.36248654616070947,0.08587035727242567
W,0.031013834535937666,0.17692532009607828,0.020431193960099448,0.06278037331122961,0.7088492780966551
W,0.002362261338323031,0.011446873392423168,0.0012571398925630612,0.04872238860869025,0.9362113367680005
W,0.027786960133884597,0.08728341686371535,0.0077559036735005,0.14990304689640324,0.7272706724324963
W,0.07544909360825666,0.2045244250118627,0.058979321913656395,0.04322329102361752,0.6178238684426068
W,0.0388824982583835,0.3410344721237367,0.1527303324983708,0.019749610911106875,0.44760308620840206
N2,0.07409460026293645,0.6136385532403997,0.07994474271012067,0.08599010463261238,0.14633199915393086
N2,0.01715099550127729,0.7576929952699087,0.031264068649468374,0.012141502995721646,0.18175043758362391
N2,0.02284090691612463,0.5729083278420515,0.07991248624528424,0.028882381736635612,0.2954558972599039
N2,0.020187630291356007,0.8782843991118777,0.021189352690763115,0.013468403009829485,0.06687021489617365
N2,0.05439196523865696,0.6270788115206071,0.03211337630606115,0.022589386562379486,0.2638264603722954
N2,0.022227620962255633,0.48556590125178184,0.007382066515589426,0.02287494866115506,0.4619494626092181
W,0.06853660436672981,0.17266157100353788,0.016060900060308823,0.18248189493143557,0.5602590296379879
W,0.0252710049533504,0.33191269946508445,0.020885002260567245,0.2863232197040709,0.33560807361692707
N2,0.032737664864557016,0.5874681576596601,0.03649650468897955,0.03109252161249286,0.31220515117431047
N2,0.03856957605937358,0.5850961821365048,0.04489308842027086,0.09950052109902086,0.23194063228483008
W,0.03212722114413532,0.43736134952356304,0.025940592272954317,0.05033950387981322,0.4542313331795342
N2,0.04436735730714338,0.5370850921327521,0.014486086928093474,0.06329057839237547,0.3407708852396355
W,0.018509942970485985,0.19664227696945877,0.012680535170607056,0.3107623744492468,0.46140487044020145
W,0.07591871304807558,0.3859215584179604,0.022953108486383482,0.11019351847229635,0.40501310157528414
W,0.057310084273204435,0.35407038876095004,0.014367419467104072,0.07947061033590569,0.49478149716283576
N2,0.08225171968504313,0.6398971456352234,0.012851139812871637,0.1053935767486881,0.1596064181181738
W,0.009063168743787568,0.058605201438869166,2.1912312482142487e-05,0.008630073299549386,0.9236796442053118
W,0.001854365984665726,0.0050345673046303515,0.0004041892885911741,0.004119819782004492,0.9885870576401081
W,0.011176767523907016,0.028239261785502297,0.0003338604281830372,0.0018345506124599097,0.9584155596499476
W,0.001638872612220801,0.0014385320822840307,4.072127172715309e-05,0.004363799264566854,0.9925180747692012
W,0.009677494788033866,0.01826895097696222,0.0008378649412889206,0.0055152250892937845,0.9657004642044213
W,0.004220369961420114,0.019205206102694668,0.0036767258831732555,0.002840952117841107,0.9700567459348709
W,0.02037556347557806,0.24127336274564667,0.007025024951039607,0.0007189135522772228,0.7306071352754585
N2,0.0355264448117358,0.5737245033820597,0.004899799537958343,0.0028338277501059887,0.3830154245181402
W,0.05957910116132923,0.25860722843759465,0.0018658944792170147,0.045009529169201624,0.6349382467526574
W,0.030144848693495742,0.16962162151482532,0.00391347290651527,0.021935812045372524,0.7743842448397912
W,0.02171336373745916,0.220309963388374,0.0012782515913577685,0.02259002793768804,0.734108393345121
N2,0.04611494342024852,0.5030423855886771,0.009335907222041664,0.03131467061349353,0.4101920931555393
N2,0.04131451780093762,0.473987309020894,0.02339168844597896,0.04353431381423271,0.41777217091795654
W,0.05566357439726532,0.3361078760308113,0.0038255261417334567,0.05452755127783297,0.5498754721523569
W,0.03852211996418636,0.40679349454502833,0.020553802164004157,0.05110729921166533,0.48302328411511575
W,0.06204157722513817,0.28019671051594697,0.032549129469371184,0.069877240405634,0.5553353423839098
W,0.0403583989237433,0.35950301198001344,0.023957106066896147,0.05571314768729196,0.5204683353420552
W,0.02927635973574293,0.37804482815882745,0.03444875564019396,0.08750991134237633,0.4707201451228592
W,0.02483636724070705,0.24574571855056598,0.019598853278460546,0.05305653286822718,0.6567625280620392
W,0.01931500393296512,0.22008803835758614,0.06025353050592716,0.025465771670174,0.6748776555333474
R,0.0012596883987870608,0.01651081128963187,0.0020254591352476922,0.8383850009112322,0.14181904026510123
W,0.019060131546015675,0.17440955988885967,0.03622513007638359,0.3036935306575166,0.46661164783122444
W,0.017609045828590946,0.23315913498681298,0.06991685087915497,0.07519778748854279,0.6041171808168982
N2,0.023188229389425562,0.4721670194002357,0.07367336213337257,0.028941934195290894,0.40202945488167535
N2,0.02294957220930867,0.48511550510020074,0.10825708719729554,0.021476930518853955,0.3622009049743411
W,0.006815002966110245,0.10877971386728287,0.0044892182735415675,0.007180912617638369,0.872735152275427
W,0.003090632256407864,0.07996702415101682,0.002390552482612176,0.02897113965317967,0.8855806514567834
W,0.006670763560603048,0.07146573783902037,0.006411123998705837,0.0029818921453713563,0.9124704824562994
W,0.0035567984912260324,0.027354437147308428,0.0018285711733668913,0.014029938481114479,0.9532302547069841
W,0.04637460986996659,0.3964685623035385,0.030620251124399183,0.004526027355198736,0.5220105493468972
W,0.019332278353813855,0.23621020994276765,0.006262198771118934,0.008149022401622292,0.7300462905306773
W,0.044561282829024246,0.2261721151928832,0.004880676617422766,0.052461721374023475,0.6719242039866463
N2,0.04306321198390546,0.5765008792815243,0.010930405635587455,0.06366430653410417,0.3058411965648787
N2,0.0365410220898165,0.5421109898513717,0.0083510506901749,0.11862779799582306,0.29436913937281395
W,0.0412466597191257,0.37618507641921894,0.009419742204051252,0.18094110012553838,0.39220742153206567
N2,0.03531569096703326,0.41572738267663983,0.00526965459398442,0.2497087602227961,0.2939785115395465
W,0.04895741280701569,0.3571682306644777,0.006784599986651843,0.15142883462259865,0.435660921919256
N2,0.04488924176079549,0.507591505724659,0.010946594284060923,0.17132341513078744,0.2652492430996971
N2,0.044638975528450954,0.45821653535339635,0.010573589423896272,0.22309346258776722,0.2634774371064892
R,0.02425850108231135,0.2107127716120467,0.005342009477617205,0.6091211793643123,0.15056553846371248
N2,0.03671877532195416,0.3847090627579777,0.011651626646236589,0.24521873222536544,0.3217018030484661
R,0.024343103339611604,0.28233897126011126,0.0035650327378413745,0.5207628161313509,0.168990076531085
N2,0.04156577921218152,0.4923136436149901,0.008274463801295234,0.205558792724432,0.2522873206471012
N2,0.05845910194682813,0.4478740713183273,0.029272300781619447,0.18274441109309944,0.28165011486012576
N2,0.04255749900342061,0.3710472185633864,0.013226006723230028,0.2057712427591354,0.3673980329508277
W,0.04192306093038195,0.3639314784027035,0.016062119882770523,0.1379296669682242,0.4401536738159198
R,0.03552237905711981,0.2863043141571899,0.004013974149126662,0.4468493074296449,0.22731002520691865
W,0.03904661004778313,0.3545669726449054,0.009370397644034741,0.1705152693510523,0.4265007503122244
N2,0.05903243907195448,0.46196576857518795,0.013971746598249629,0.20566833191563466,0.2593617138389733
R,0.04274347190587814,0.3044975051054497,0.004038264033700313,0.448170905074004,0.20054985388096785
W,0.05771717377790875,0.3789749632288207,0.016381501136448543,0.09069436061212169,0.45623200124470026
N2,0.06788491220144083,0.4556935269175429,0.0051502862273908176,0.1919485345367436,0.27932274011688185
W,0.06755676230476798,0.395522080786076,0.020036490312568093,0.11019696876623064,0.40668769783035735
W,0.0654271469316045,0.20179974192424632,0.009304250253617582,0.17259403769636336,0.5508748231941683
N2,0.019746905587056742,0.44258160327872886,0.019176646937594244,0.11203070250854567,0.4064641416880746
N2,0.022368429738515456,0.611476458976867,0.03986962673634774,0.07281576620089686,0.25346971834737286
N2,0.04026891611550282,0.5992413705067788,0.05226156296838091,0.05370283825377451,0.254525312155563
N2,0.058292544764615296,0.5849176737351812,0.04971133690190704,0.054529739408429374,0.252548705189867
N2,0.07931790320161347,0.5009164082773305,0.050837043296816056,0.0970071646625081,0.2719214805617319
N2,0.11000971236414754,0.52555686439316,0.05619255698010039,0.08874277390196056,0.21949809236063164
N2,0.04334008301414188,0.6528621392065889,0.03682085498427254,0.212757005742291,0.054219917052705735
N2,0.02152929522451089,0.7686545164372246,0.12868939304393737,0.021750203968794263,0.05937659132553292
N2,0.022253550116056287,0.8410082108412474,0.08970743814959728,0.014955162062961129,0.032075638830138024
N2,0.02420034576259853,0.6877133617258353,0.10823445344311934,0.1396461395859107,0.0402056994825361
N2,0.02241637870378486,0.650684447074971,0.08965755003053555,0.2021412255857919,0.03510039860491681
N2,0.028400965239413937,0.6160575254220014,0.16994867326480495,0.16261607541261502,0.022976760661164632
N2,0.013097493657453576,0.6145947352791132,0.13449670922055407,0.22611314401530602,0.01169791782757293
N2,0.003768046060773302,0.43750203154332434,0.32534571177608956,0.2177899375072463,0.01559427311256659
N2,0.005661883498182713,0.44588400405534534,0.34792218955740917,0.1833215439870279,0.017210378902034897
N2,0.006789126712701205,0.47758133802076774,0.2996218929552759,0.19690286540967447,0.019104776901580536
N2,0.007161110082753341,0.5745771409892846,0.3710869142904732,0.026220378452004253,0.020954456185484624
N3,0.004126408076182784,0.23227700713530058,0.5418849388898201,0.1875481368924901,0.0341635090062063
N3,0.003930788990113112,0.34068756521838267,0.5054550540852127,0.13466536913776075,0.015261222568530627
N2,0.003073163924484995,0.4450746192087983,0.40709599238443267,0.13361925778272082,0.011136966699563192
N3,0.005179803504982316,0.38356148019579744,0.47094239122316783,0.12324255037596693,0.01707377470008538
N3,0.005734606048756759,0.3033955617338967,0.600563288475741,0.05202113215106022,0.038285411590545375
N3,0.00362951397521138,0.4237769931045074,0.5390391169401108,0.019194173261682365,0.01436020271848812
N3,0.003291204013785589,0.25762977301278,0.554365608620243,0.17870595988490634,0.006007454468284994
N3,0.004154370052026272,0.3682702693974794,0.4609196941948728,0.15528099474864224,0.011374671606979383
N3,0.003135226330790988,0.21523132037689918,0.6712669495171647,0.10330952209071217,0.007056981684432895
N3,0.0025495666099049573,0.3365667541585575,0.582724333425335,0.07134885286531449,0.00681049294088802
N3,0.004763155802640735,0.35356960081167027,0.5573310393488922,0.07659931596499757,0.007736888071799279
N3,0.004775720486312506,0.3191552531472499,0.606617806426243,0.06108295088852969,0.008368269051664991
N3,0.0032439959342324093,0.38262603989587357,0.5033236515479571,0.08677414749719901,0.024032165124737947
N3,0.0011498958570040066,0.16376350043516208,0.802405913619845,0.027598525535076773,0.005082164552912054
N3,0.001668366817196616,0.17857924629911306,0.7966904701583855,0.017139335113938836,0.005922581611366174
N3,0.0010653767955022002,0.07450993643127544,0.9106673646754384,0.00837647754704778,0.005380844550736224
N3,0.0015002789011216652,0.06251609483774555,0.9181921521318532,0.00937772436843591,0.00841374976084356
N3,0.0011492913581683296,0.06140923260854323,0.9164961861200963,0.010362799182982512,0.010582490730209525
N3,0.002352049727617003,0.09082118132551052,0.8781092421123717,0.012797922171594934,0.01591960466290587
N3,0.009520737112392446,0.26343678239289386,0.6781551755326894,0.01469403759992867,0.03419326736209556
N3,0.009063522963164917,0.21730923080543096,0.6382121308163305,0.10255510375800367,0.032860011657069914
N3,0.004113991124453772,0.1462875817731862,0.8172329286433421,0.017683300959746472,0.014682197499271615
N3,0.003533801911820976,0.2953377016323159,0.6410400235404349,0.032384773669334774,0.02770369924609353
N3,0.0025497367082944864,0.09848456716631852,0.8775271660505953,0.011614450836240188,0.0098240792385516
N3,0.003095128516083501,0.16298663700948748,0.7961372818381769,0.018411571213227042,0.019369381423024943
N3,0.0020644536774007,0.16503982338468953,0.7886989405367795,0.011290716555219906,0.032906065845910326
N3,0.0026735068739308144,0.1287621160873057,0.8396846958154457,0.012300010592239377,0.016579670631078344
N3,0.0013560363904691702,0.08744747773290457,0.8924730551381324,0.00633185037104649,0.012391580367447214
N3,0.0007199735372344939,0.08534604697473916,0.8982029285906458,0.004063293931882137,0.011667756965498372
N3,0.0013319605982012861,0.06883613306057573,0.9152683204883856,0.0027958916939624023,0.011767694158874934
N3,0.0007111908960193486,0.05963967467851511,0.9304692296096069,0.0036557447620412333,0.005524160053817569
N3,0.000782191453831638,0.06929642333261544,0.9217418691965957,0.004327543255652298,0.003851972761304972
N3,0.00414914915848195,0.19911948419820988,0.7705639106313427,0.01046866499333689,0.015698791018628554
N3,0.004363483981415111,0.38182214662141867,0.5473677725615986,0.054572167717709716,0.011874429117857823
N3,0.005074212112788203,0.3125963809413234,0.5935319351662757,0.06741115766932936,0.02138631411028336
N3,0.0034757686425108663,0.2543910899701176,0.6576685678006173,0.07484902830052262,0.009615545286231616
N3,0.002939498496022507,0.2319056457968689,0.7480695224248807,0.00855920132794354,0.008526131954284295
N3,0.004587231592946715,0.3478117871882089,0.5685809832141863,0.06833897185025883,0.010681026154399165
W,0.01646266685169582,0.11602959040291348,0.18033852711124843,0.13430613249624998,0.5528630831378922
N3,0.010473980292348825,0.09010181950155921,0.4936681617439703,0.010170028191459138,0.39558601027066254
W,0.014055786875706723,0.050354563203816406,0.1916806812193776,0.005679946203806746,0.7382290224972926
W,0.007203151396824948,0.053027332998405556,0.041472753951559256,0.2087451398123841,0.6895516218408262
W,0.01778406613899365,0.12506206962992353,0.309441015205611,0.016542017062514833,0.531170831962957
W,0.008622713455600313,0.03665913929713851,0.12261129603160675,0.37181133139386174,0.46029551982179284
W,0.009701532966921403,0.07377187756011201,0.38826507048539005,0.06569922931605102,0.46256228967152563
W,0.0028213370302946467,0.014490631490774052,0.1054734055525799,0.05145533104799896,0.8257592948783524
W,0.04988435583415197,0.12060173910228442,0.02518832946489996,0.31487059457995475,0.489454981018709
N2,0.09023924770539574,0.700158762055164,0.07449751374378925,0.00908364202753535,0.12602083446811568
N2,0.2112728760061243,0.4825409082605557,0.058709343376426415,0.08047840436353666,0.16699846799335696
N2,0.056522625268734916,0.5496746851469891,0.1433578926670395,0.06024146684364895,0.1902033300735875
N2,0.1432513136113077,0.5667287723324141,0.031432176293042256,0.09401422151533582,0.1645735162479001
N2,0.06034264556626422,0.695720703190382,0.05638242651074564,0.09265854908893148,0.09489567564367676
N2,0.0581992421155157,0.5917952186653329,0.08168902879793576,0.11469892891768921,0.15361758150352633
N2,0.11368014967122651,0.5166580392615718,0.04675664767436449,0.18227662877706233,0.14062853461577488
N2,0.03318273297245899,0.7581661552625336,0.08337415856714483,0.05211661729812852,0.07316033589973395
N2,0.02488428380047294,0.7325693136810469,0.08924726221901683,0.00559972731966845,0.14769941297979497
N2,0.038463276479601044,0.6689650011959427,0.10561707337504275,0.05632532264588644,0.13062932630352703
N2,0.02753541243549404,0.7730353970542442,0.08101765969405565,0.05076776831461801,0.06764376250158824
N2,0.04032947882841844,0.6995742052869476,0.06476711905335099,0.01284849466137851,0.18248070216990447
N2,0.034998378915650476,0.6348958045301627,0.06499929798848271,0.026170300186542015,0.23893621837916215
N2,0.025060405135063468,0.7645661066564098,0.0706475825533252,0.019605034163603548,0.12012087149159806
N2,0.06822535838207004,0.5742244266204133,0.042288554674064484,0.21998305466020174,0.09527860566325051
N2,0.051098064314622896,0.6635700821651319,0.045362921578311316,0.09158119576929896,0.14838773617263512
N2,0.020472452145159543,0.7293750373191963,0.05839069634688946,0.04429363881242823,0.14746817537632637
W,0.03886664688567042,0.18027619054755703,0.005426547115651391,0.056734882791250545,0.7186957326598706
N2,0.2891192291494933,0.33681108764170986,0.01971805134754898,0.04968612361319192,0.30466550824805594
W,0.0072852786098437355,0.03110190779969833,0.00418883547050229,0.04731175320450176,0.910112224915454
W,0.06749635607479466,0.10874442939254224,0.010053597335486759,0.0801841418811626,0.7335214753160137
W,0.009404580670214215,0.01118427493405272,0.0019955258746944043,0.04122152299744225,0.9361940955235964
W,0.06499841019357086,0.41323368312810027,0.03798394301727883,0.023047710579633396,0.46073625308141664
W,0.038733744797959734,0.16727156294843404,0.008368833057784316,0.011280309411644644,0.7743455497841772
W,0.03605839963697498,0.0508065977032752,0.009857289320383199,0.10643329498943568,0.796844418349931
W,0.013824394751278406,0.06853532824551516,0.03240996975218337,0.04027175298024102,0.844958554270782
W,0.008596753613397873,0.11249964939816494,0.09583249779689468,0.05766448824565361,0.7254066109458889
N3,0.005608735652822587,0.26348974169118317,0.43776613777952567,0.06154029566761715,0.23159508920885133
W,0.014531026530543441,0.1486540186205597,0.3046731432876168,0.03704699939120537,0.4950948121700747
N3,0.0011528062818385912,0.11918782303928034,0.7303071610932618,0.010213720700940019,0.1391384888846793
N3,0.005081729257881014,0.2925896177939995,0.5581215142235766,0.012063857235382665,0.13214328148916016
N3,0.0013656415312054838,0.21643859443623623,0.7403830081176758,0.007705781473855302,0.0341069744410272
N3,0.0010790949526915058,0.2101542719131735,0.7527944651692634,0.007111755085474763,0.028860412879396675
N2,0.0038358341783622193,0.43251451324021417,0.3830646318009169,0.019166943030090557,0.1614180777504161
W,0.012254290997296366,0.2193307779492629,0.08751522592807207,0.03315137774042165,0.647748327384947
N2,0.0036042020583510305,0.48105275372483686,0.4377390885479738,0.000794420463117828,0.07680953520572056
N2,0.01593697310460503,0.46988527869763536,0.1839670018284617,0.00222678253301211,0.32798396383628586
N2,0.042376216074322744,0.4567277004005452,0.1265781326113991,0.004758505767652753,0.3695594451460803
N2,0.051526295626528426,0.526437150617142,0.07836063957154665,0.01536551113493919,0.32831040304984366
N2,0.0953250417444504,0.5208364962798535,0.098727559694186,0.020030935248549885,0.2650799670329601
N2,0.03383546211300538,0.5349355247468016,0.018430994827035703,0.018527482347017045,0.3942705359661403
N2,0.12227633194427535,0.6406402848458252,0.017736721397207455,0.026809072850391157,0.19253758896230067
W,0.0904646764181134,0.4170351221310835,0.007899427589064768,0.01857053097253697,0.4660302428892012
W,0.11171135739282809,0.33796012351547655,0.007081467516591271,0.01628014891317341,0.5269669026619307
W,0.0930539762233091,0.02883070712773774,0.0015212461112064867,0.02716061962998803,0.8494334509077587
W,0.055778477438130046,0.005639975682453017,0.0006969903726386833,0.016907341017893745,0.9209772154888844
W,0.033520393269987486,0.0490995150015682,0.003148289618102762,0.021043410893474224,0.8931883912168674
W,0.041457345824323304,0.008306882822009306,0.0013695353197039244,0.015907250028771473,0.932958986005192
W,0.03804805301055617,0.11417290493119561,0.008419927134383295,0.021737194809672348,0.8176219201141925
W,0.046429297817765454,0.10096999649324988,0.000532544429655787,0.03617220522789185,0.8158959560314369
W,0.1042958953202858,0.07077752415225233,0.00044037919893445064,0.0837405877447044,0.7407456135838231
W,0.01308760010498186,0.00874087406660781,0.002182048532773494,0.13790724452142808,0.8380822327742088
W,0.028202985816677205,0.013296569958725865,0.0003717881074898698,0.03405489783577774,0.9240737582813293
N1,0.36311619078255747,0.1508418321672601,0.0017104048094341432,0.14791711808043057,0.33641445416031773
W,0.2521850908527181,0.1522529619459087,0.0016475630280918445,0.11656665227080663,0.47734773190247487
W,0.0660601455068598,0.4047453698291286,0.0010627444728499634,0.027661249188450598,0.500470491002711
W,0.32427925745993,0.09632554862125833,0.003457425856409642,0.04059178695416156,0.5353459811082404
W,0.20261118684261975,0.13630987426124042,0.0029963673771171108,0.023664818294263906,0.6344177532247588
W,0.21371760210705606,0.14535866339976086,0.004285846705549808,0.024778706419438315,0.611859181368195
W,0.005414759716092241,0.024433172155906943,0.005168976075666657,0.006129175694604545,0.9588539163577295
W,0.12400623235999511,0.19772382951872652,0.002021534584292608,0.012832227981193368,0.6634161755557924
W,0.046207294025054926,0.0203315384983686,0.0001212892706369801,0.006403885785303151,0.9269359924206363
W,0.1571201618733851,0.03971925576085234,2.6196101501200996e-08,0.006860237665160912,0.7963003185045002
W,0.06602202146893477,0.037560944826259955,0.00010915853318757402,0.004115128826218593,0.892192746345399
W,0.008883089741280768,0.006527616814167024,4.648226825708524e-14,0.004187244353922962,0.9804020490905827
W,0.010638511322857794,0.006826759497279271,7.638923498885313e-06,0.015319593298434716,0.9672074969579294
W,0.02556642914996776,0.044311847706563025,0.003345556830928384,0.06466913798023631,0.8621070283323045
W,0.007092507319556388,0.008017586390253007,0.00011054893301275638,0.009301063949814621,0.9754782934073631
W,0.04983113698559012,0.004783013003963194,3.200365867244105e-05,0.012241324723160982,0.9331125216286132
W,0.1775958379800072,0.2233626931739257,0.0007915943388102654,0.068694311764945,0.5295555627423117
W,0.2928522290828591,0.022415483289769923,0.00011470607156105439,0.07367256786804324,0.6109450136877668
W,0.27356091784493897,0.08797753794251456,0.0003376774749185091,0.0908020710995261,0.5473217956381019
W,0.12090982840047908,0.12332939886102091,0.0018639671332609318,0.08394142163011886,0.6699553839751202
W,0.22227765212963363,0.0656090751104912,0.0002914158426871965,0.05174078424244342,0.6600810726747445
W,0.1816482978372844,0.08742046411269669,0.0007104779056983359,0.07450654858128683,0.6557142115630338
W,0.15556718989378077,0.0402338377641044,0.00032856728839284225,0.1566244922642399,0.6472459127894821
N1,0.4403424373584395,0.09858957276225903,0.0009068329668596068,0.21400051183708535,0.24616064507535657
W,0.13473594421950177,0.1721786294354892,0.0004408643677658999,0.07374257102178845,0.6189019909554546
W,0.19393969252464818,0.1128647589689851,0.0004327653146274788,0.1316914578365476,0.5610713253551917
W,0.1304810923189212,0.08623116389483837,0.0001466909681546739,0.143469589734489,0.6396714630835967
W,0.13882304863815573,0.10275708874958542,0.0002588079568391102,0.11745210834935937,0.6407089463060603
W,0.11044683601957728,0.0866336341601592,0.0001298952471699528,0.09977659608111915,0.7030130384919745
W,0.007130077728177319,0.03736873160813684,0.0030400585809344767,0.21717668107521496,0.7352844510075364
W,0.1851759217630102,0.2077322020487853,0.0017984541175863002,0.1281236612354246,0.4771697608351936
W,0.2561761070743682,0.1557482813422832,0.002977106369539334,0.08973413830796421,0.4953643669058451
W,0.003959267767788508,0.010363979425028721,0.0027265074234965408,0.20099552337540352,0.7819547220082828
R,0.14963756151033614,0.25383066008249316,0.03421693734405325,0.42182371477579905,0.14049112628731839
W,0.00574830557376249,0.00956445960876519,0.0021227028707561406,0.23200549711530355,0.7505590348314127
N2,0.12444536672609971,0.3478766577972064,0.008811079534540165,0.26512352393467137,0.2537433720074825
W,0.059023062601303224,0.07947522366071812,0.0024308205843219773,0.04409892349746028,0.8149719696561963
W,0.019331925409654116,0.02999924659974783,0.0007774097961029002,0.0322757667610897,0.9176156514334055
W,0.12862372505445616,0.06878827276801472,0.0038977489776830768,0.03330604971627525,0.7653842034835708
W,0.022562645497990842,0.031115070369571285,0.0005666607138906081,0.15961302165408253,0.7861426017644647
W,0.28728821610001004,0.2235261455132999,0.0007915240117684704,0.1367872823721958,0.35160683200272574
N2,0.2919444749082567,0.37602452338070413,0.0007619317068641043,0.12844534801809446,0.2028237219860805
R,0.11238124909306732,0.10846656425760454,0.0017622761174900408,0.6785948955334624,0.09879501499837572
N2,0.2295588629730744,0.6204223213043519,0.0032465010795818764,0.045931506163474564,0.10084080847951712
N2,0.12080630159443378,0.5432531952433891,0.00453016321623151,0.30357074231507136,0.02783959763087416
N2,0.1758409537078303,0.381290342087092,0.01656757904564123,0.36844640931033845,0.05785471584909796
N2,0.06084740677102604,0.9048718901010205,0.009101672952634515,0.005730980957451538,0.019448049217867316
N2,0.08940253886233257,0.5632491006799567,0.019472257911403407,0.27784389901317263,0.05003220353313464
