Stage,N1,N2,N3,R,W
W,0.007454745413396739,0.001076983132602138,1.631173308566329e-05,0.00022480832760688076,0.9912271513933086
W,0.010983343700853947,0.014058365626798323,9.566741828378851e-05,0.0002606029322012333,0.9746020203218628
W,0.03319232424628567,0.08252631272501605,0.010086693126862473,0.36348925694901424,0.5107054129528217
W,0.010896578362385499,0.00832825238875952,0.00033297179245477584,0.0011953775439593067,0.9792468199124409
W,0.03275023468081962,0.02744705462721176,0.0013016249547848325,0.0009219522801728059,0.937579133457011
W,0.11566658905475666,0.020243945941494812,0.01767992753266476,0.001290495109263057,0.8451190423618208
W,0.2618166541610622,0.028923158948132546,0.0009201673405852051,0.0061051275987761685,0.7022348919514438
W,0.10437016171580571,0.01917318633923902,0.0017552648072297658,0.008960140354047096,0.8657412467836784
W,0.031140235903742222,0.05683474659283636,0.03658711152284887,0.0021177564806665592,0.8733201494999061
W,0.03659514457431684,0.046639582770924864,0.0026957632146984733,0.00331088687510086,0.9107586225649589
W,0.0515619470114054,0.06299470211507002,0.0021757631979741005,0.006116933892870316,0.8771506537826801
W,0.08802195865257595,0.08856939854516337,0.0030952736290387616,0.04741670460308168,0.7728966645701402
W,0.032360391702529835,0.027340316970995777,0.004900082503805632,0.03067214226701211,0.9047270665556567
W,0.017859337842975775,0.03042605258295675,0.003347194700543067,0.03926746664771332,0.909099948225811
W,0.04131631611803203,0.0629772169438075,0.02214749182383723,0.09064698904577939,0.7829119860685437
W,0.06593327985101699,0.11426868939992185,0.007190706888183989,0.008572001009797794,0.8040353228510793
W,0.0385509544430608,0.03285235735444505,0.0028686352316705864,0.010787721822011561,0.9149403311488119
W,0.04430658700599768,0.059013382142919145,0.002947863209431024,0.021419358253473363,0.8723128093881788
W,0.014011044620938398,0.0704640755714427,0.008837393823811011,0.029532899423290432,0.8771545865605175
W,0.03247861036553617,0.0939416590963035,0.010790558520733852,0.049080388444775094,0.8137087835726513
W,0.0522995811154675,0.025494733309489807,0.007078743991352093,0.03397709736432551,0.8811498442193652
W,0.03920978439172562,0.034256278633095834,0.0017281277250343757,0.03572359573067086,0.8890822135194733
W,0.021245369371603758,0.014871320867322253,0.0010910636045978431,0.03578351940275219,0.9270087267537239
W,0.026925158119551318,0.01387649430766643,0.0017295091584630376,0.022687494201677923,0.9347813442126414
W,0.02428835818050628,0.014960190213919304,0.0018958157256267808,0.016661323099918007,0.9421943127800296
W,0.01501742965233251,0.011292992355912912,0.0020887919777566283,0.035141630202174895,0.936459155811823
W,0.015943619139937006,0.014873122185677691,0.003946614415847787,0.045631534893786116,0.9196051093647514
W,0.05778837263257779,0.02894357231935989,0.0010829044649900232,0.09228981821893502,0.8198953323641373
R,0.04736706022167306,0.04265853766741756,0.0005949649650699805,0.6423408132463798,0.26703862389945954
W,0.08365324479771623,0.043065250564229024,0.003164086751239416,0.19959322288371092,0.6705241950031045
W,0.13728847368734715,0.0577167464040725,0.0005181185956225862,0.017912241421036923,0.7865644198919208
W,0.025665081422716906,0.03140988391898886,0.00046381122704913775,0.096338067252031,0.8461231561792141
W,0.17526826882829105,0.2873838223371162,0.003420173625861677,0.0266962924420771,0.507231442766654
W,0.030355439008250315,0.029785588538939773,0.0010464812445087,0.016956183402856838,0.9218563078054444
W,0.04750865197648275,0.03850404372635019,0.0019237899269118816,0.01673163086938904,0.8953318835008662
W,0.08545786116060192,0.10359218871789488,0.0065378605851883,0.015955261117398697,0.7884568284189162
W,0.03887676009096751,0.14030333473927675,0.0020399181595196375,0.04517897007916569,0.7736010169310704
W,0.212566244250379,0.30614706359742305,0.00148221961854687,0.007092570238203111,0.47271190229544807
N2,0.231702197943484,0.6363796462030324,0.00688048048808302,0.012205308938994963,0.1128323664264054
N2,0.265642004317677,0.6180518406151627,0.00486278372937454,0.010371052532783746,0.10107231880500187
N2,0.07460912080643262,0.7859050700698516,0.014682383013233177,0.01140415532583341,0.11339927078464929
N2,0.06632609091084009,0.5202873672160929,0.02479070534364772,0.008622037287994202,0.379973799241425
N1,0.45302932882307684,0.2171286107528311,0.0011435169444980067,0.006142842719768011,0.32255570075982604
W,0.10872772818592802,0.4205946229203838,0.004028042123502871,0.013513371325751027,0.45313623544443427
W,0.1673694618522583,0.14355779819514064,0.02937814793956958,0.0023042937998423974,0.6573902982131891
W,0.012592976896533393,0.07224540738670795,0.02280667369566415,0.014160955788166367,0.8781939862329281
W,0.04065098988954874,0.057938878892337856,0.01306171133379465,0.002121764322137037,0.8862266555621817
W,0.028799142033305695,0.03647969958226053,0.001549128331800056,0.030401677510423903,0.9027703525422098
W,0.02480544206365146,0.048480143977886754,0.00786056300059533,0.0038621736484962285,0.9149916773093704
W,0.00906925182262759,0.034111489373707074,0.007191606848996972,0.0031795834247550134,0.9464480685299134
W,0.021057166647629418,0.06207942570775545,0.004410669449084989,0.009494598341113047,0.9029581398544172
W,0.010106964342320654,0.050688484933134756,0.007160945937332689,0.00224528225411014,0.9297983225331018
W,0.0537845600108071,0.06449325398876607,0.011766484259317674,0.009485470338956524,0.8604702314021526
W,0.02276519289007319,0.04304532061259722,0.003866547118464763,0.015861487040165437,0.9144614523386992
W,0.029616066056038018,0.09122195773156133,0.006186685017424214,0.021932339556219316,0.8510429516387571
W,0.025523476594299283,0.03650944278913179,0.00451872919777328,0.007770921925349934,0.9256774294934458
W,0.010125134513126055,0.01688517597994578,2.3047098209789732e-05,0.003394107974598148,0.9695725344341202
W,0.022096071653935713,0.033830982978667566,0.0004702416031324302,0.0075800456996123105,0.936022658064652
W,0.024098343759049266,0.0077103665367827205,0.0005580338984037185,0.005662376623462445,0.9619708791823017
W,0.024931506737776297,0.023213639191194006,0.0014276887526523117,0.011082582778306769,0.9393445825400705
W,0.04047426181447898,0.01740820946580607,0.0001753681135185789,0.020109031811760936,0.9218331287944355
W,0.0986528170286295,0.04219765266407296,0.0003852833998876817,0.05127445309021301,0.8074897938171969
W,0.13554096352673917,0.17531396996897375,0.000629251239124066,0.09642307585780734,0.5920927394073557
W,0.20061299578238345,0.28107400603252886,0.0004584779513111288,0.2016846545409762,0.3161698656928005
N2,0.14867890949757218,0.4073192543936028,0.0006296174932399029,0.07632011447813962,0.3670521041374456
W,0.2192664394680776,0.09067885159195854,0.0003564685093454692,0.2681749034691998,0.42152333696141847
W,0.26009876592797426,0.11188258178176619,0.0007077445682353447,0.2635140479043815,0.36379685981764276
W,0.05606077759314,0.15590051691717718,0.00237876822727122,0.04941622290262131,0.7362437143597903
W,0.02048255563751842,0.24290548479877988,0.006820586990123853,0.13856469813783165,0.5912266744357462
W,0.02591055572813053,0.22979844797146176,0.008502956551603788,0.15063761654434904,0.5851504232044549
N2,0.04410384008757588,0.6721119090197918,0.015031439481311944,0.23049926547022853,0.03825354594109192
N2,0.040058883836204526,0.7294823142890178,0.0076335006626123605,0.12180682200811975,0.1010184792040456
N2,0.014654152032196449,0.8285061047492973,0.05405515669920929,0.040785959984605526,0.061998626534691376
N2,0.03930910805508138,0.6707280852463353,0.04210538393528364,0.1952637897581286,0.05259363300517105
N2,0.03149097742465596,0.6653764466145843,0.053962577174609845,0.1909188994749765,0.05825109931117341
N2,0.019815798391104904,0.8318063469227149,0.01129926633498519,0.09264523434477219,0.04443335400642276
N2,0.029438806260614257,0.8179290554925871,0.02664285365110691,0.1007214434150068,0.025267841180684994
N2,0.07422303723752174,0.7390173499139248,0.0033429383370003206,0.10859164637476519,0.07482502813678801
W,0.0026590343191693466,0.0309424878690541,0.0018862233613435057,0.0023785254684802405,0.9621337289819527
W,0.004266915810515599,0.024582096303880887,0.0025734430345359044,0.0015517857406536133,0.967025759110414
W,0.004412864478840483,0.0019400051795752577,0.00030213856636525713,0.02592890277404986,0.9674160890011692
W,0.009226550653167676,0.006660496639820233,0.0008484470615906516,0.031088815330677394,0.9521756903147441
W,0.009586776354088953,0.010466055083928333,0.001794415234297832,0.028849913422612502,0.9493028399050724
W,0.0880097328132204,0.03174440776570822,0.0005918870465322696,0.012060073424781576,0.8675938989497575
W,0.17866850795927605,0.0648791955263649,0.000872256643013358,0.013376412888696648,0.742203626982649
W,0.025898247253053376,0.1837979713027901,0.019325881535876475,0.00440229225430869,0.7665756076539714
W,0.08355766835019039,0.26989514573363743,0.00871286852060189,0.0017407912394283927,0.636093526156142
W,0.0480390306936406,0.21446128215425522,0.018014884724641324,0.001014785726402638,0.7184700167010601
W,0.0197317992274431,0.27556780774522327,0.09100962178308897,0.0014277090467031866,0.6122630621975415
W,0.014778499031130295,0.15695765116031193,0.06734326530109828,0.001778968595710663,0.7591416159117488
W,0.10686346456390565,0.15278663470193474,0.001995972204159016,0.0015977352901793231,0.7367561932398213
W,0.34099765833106693,0.24920229348528386,0.0024541245850719035,0.004487365851990439,0.4028585577465869
W,0.2553553470269357,0.3359080483525682,0.06097292947324963,0.0027285720997128966,0.3450351030475336
W,0.04271889972928049,0.39401490319992505,0.038130118494944236,0.06690354000943505,0.4582325385664151
W,0.048775633100500454,0.18402841186286958,0.007660331085570808,0.004768529269088317,0.7547670946819709
N2,0.11530008083491848,0.626015361632951,0.03404881744826216,0.021901487253693636,0.20273425283017457
N2,0.22487598302575856,0.6283749749429572,0.00653283485370752,0.05535823167960949,0.08485797549796723
N2,0.13836845522331112,0.609295912772412,0.003394713337886314,0.19363694626181763,0.0553039724045728
N2,0.18011459998957327,0.44814744003081164,0.0026398075785826767,0.28163598385881294,0.08746216854221937
R,0.09557113946710549,0.34718025303199407,0.0027025634685311508,0.40231892687888066,0.1522271171534888
R,0.04151181503074588,0.33079321732660166,0.002231801341284471,0.5037829306362481,0.12168023566511978
R,0.02381152881231271,0.33657150021581256,0.006117540027413111,0.57938111998357,0.054118310960891675
R,0.026672895807070662,0.23319451397241445,0.0007331275372650707,0.588673517913566,0.1507259447696838
R,0.027591784827203248,0.3163533095600901,0.0022388657865431184,0.5659185667822617,0.08789747304390186
N2,0.035057816852168834,0.5466093410683166,0.0008343753915352598,0.37670283531878485,0.040795631369194583
N2,0.012392657714185289,0.6344682105687092,0.0016648922402126654,0.26298515920452104,0.08848908027237183
N2,0.028300029472438683,0.7377109407290137,0.0013388465380858722,0.18094070525526693,0.051709478005194764
N2,0.03217283436006745,0.8102742201894205,0.0015672764783473093,0.08729302076102884,0.06869264821113592
N2,0.044968960182312334,0.842817987757623,0.013957607586572333,0.03832644787236489,0.059928996601127764
N2,0.10793662971148225,0.8115937698126883,0.001420806227515443,0.012652765699311593,0.06639602854900235
N2,0.05426170282122882,0.9079654308522629,0.005180885040607563,0.00814108835838446,0.024450892927516076
N2,0.012022050856316717,0.46776345585141726,0.10177310513554802,0.007946805641735154,0.4104945825149828
W,0.01910076622336784,0.31563272931870356,0.14931099244945825,0.1879355369017178,0.32801997510675246
W,0.028384666364341265,0.17574657425328544,0.0274154638386171,0.0017863539232975175,0.7666669416204586
N2,0.07149832203502515,0.39834045641209903,0.151752813732013,0.0024187875586805514,0.37598962026218224
W,0.042448435396737504,0.3041489337366814,0.023531931084992342,0.001562335492233206,0.6283083642893558
R,0.0291578919740642,0.1373493876758389,0.011309381165396995,0.6350210365888751,0.18716230259582486
W,0.02093526926290616,0.08821295044008431,0.003937754858614285,0.001045784120024947,0.8858682413183704
W,0.010498175255961976,0.023352228221339925,0.0006037577889571828,0.0008949592747369478,0.9646508794590041
W,0.021506184305312388,0.04873853838271623,0.003617864199295339,0.0030396071923950887,0.9230978059202809
W,0.03248924899602159,0.02085250628072317,0.0014600182334001063,0.0020241542272840677,0.9431740722625711
W,0.024326432743259754,0.06866342438361345,0.005061492230368115,0.001187374344624128,0.9007612762981345
W,0.02249257449253823,0.05529871409251137,0.005781430906969857,0.1098510444942475,0.8065762360137331
W,0.01603570312213474,0.015730545131336565,0.0008687615657059611,0.0009453176306718587,0.9664196725501509
W,0.056786564001664215,0.014590501658728642,0.0024117224681754635,0.0017708937664937432,0.924440318104938
W,0.020514457106634076,0.029962782945328878,0.0017463501859224663,0.002242014404278161,0.9455343953578365
N3,0.004880562898291122,0.14728008393324604,0.597701241967888,0.0020290910376701463,0.24810902016290481
N3,0.007254392973815481,0.2716857029552629,0.5698297021938658,0.0017383441709213781,0.14949185770613457
W,0.03607069789149365,0.37386495953127846,0.12564344502048733,0.0052234873889464,0.45919741016779414
W,0.07241341182565572,0.21092225579408388,0.006030763164668883,0.003586785461401594,0.7070467837541898
W,0.09736886734310325,0.3249701876082474,0.021784831191903914,0.0027216348120130385,0.5531544790447325
W,0.1615572133024377,0.36639415739522857,0.004011971506719563,0.0030408904651815128,0.4649957673304325
N2,0.17807949028490416,0.44024803416990677,0.007310630753847516,0.008127701260295064,0.36623414353104655
N2,0.255201120282554,0.45920549971228586,0.0034727106494458373,0.033053939204184875,0.24906673015152941
N2,0.2446071793876647,0.443458674616856,0.008684212018474082,0.15072454701626337,0.15252538696074172
N2,1.2941621544506537e-24,0.4254515362561178,0.03181538537079095,0.183939269537364,0.3587938088357272
R,0.08811066203637351,0.2427022893953315,0.005895724514944314,0.47087568664711854,0.19241563740623213
W,0.023236829130012907,0.11871461238690069,0.004469980707483748,0.11925504387860603,0.7343235338969967
W,0.011566730034826316,0.03092300974367788,0.015339327149618156,0.07171008892951783,0.8704608441423598
W,0.012390627928674923,0.042539996285600484,0.004396283368992192,0.019707591502646123,0.9209655009140864
W,0.026649466262028316,0.01601532991287303,0.0003464473434481619,0.004431986682564682,0.9525567697990859
W,0.04282505098267778,0.018325789223491828,0.0002838441519137767,0.003960582480062995,0.9346047331618536
W,0.008461773442409082,0.013107691006264473,0.004499966172291374,0.03518940433881615,0.9387411650402189
W,0.01874508850362784,0.03162038486579321,0.06493742109112283,0.010971991271270088,0.873725114268186
W,0.005371639664584476,0.009340567755128513,0.0022825470297436826,0.00048773385100974847,0.9825175116995335
W,0.13759125919814738,0.1277332683209794,0.0015780491306400621,0.005473874516288771,0.7276235488339444
W,0.10233759990116535,0.17228968372649867,0.0020196883772112214,0.011037722426346774,0.712315305568778
N1,0.4075980756348689,0.33761374887982487,0.0032184689922942875,0.03238902608539709,0.21918068040761482
W,0.26341525460595205,0.20270764741102792,0.04246540433565221,0.0597296202712999,0.4316820733760679
W,0.22573159725775804,0.2654220394045333,0.004656160192038434,0.1789349736092237,0.32525522953644653
N2,0.13046278363425023,0.39911544275183813,0.012775996329753441,0.1188793290330793,0.3387664482510789
N2,0.05160417240561898,0.4389521678319347,0.0035866602452140424,0.38898829219785297,0.1168687073193795
N2,0.019727917613203704,0.5192263937219957,0.002398025624109058,0.30036521432579,0.15828244871490152
W,0.05550179228274324,0.26126520273933873,0.0023410715670349855,0.22506937314089384,0.4558225602699892
N2,0.06511635766089599,0.6293419781274986,0.004092184254259623,0.21826366058964444,0.08318581936770134
N2,0.053179115326797116,0.5104774368505813,0.015725604736778965,0.32518088016036856,0.09543696292547399
N2,0.08296420319117952,0.6542560392886905,0.017747261056821666,0.1707572674861948,0.0742752289771135
N2,0.05098782885811381,0.5917559319599655,0.0037467822924105907,0.10795608967651146,0.24555336721299872
R,0.12549447993906077,0.34642413330496724,0.002419583395552875,0.4337698744464356,0.09189192891398344
N2,0.08272447781377293,0.511273075777654,0.004968717883293688,0.33308516619750045,0.0679485623277789
W,0.009547778497374827,0.3317092471542742,0.03449034045057789,0.07835570036229395,0.5458969335354791
N2,0.08856390243461143,0.5494712529804978,0.03218291195935868,0.1624381869983214,0.16734374562721052
N2,0.05580477926122664,0.5586713098723309,0.037367008451897284,0.18692852425365847,0.1612283781608867
R,0.06179056695307906,0.38226358353432827,0.0396888558696556,0.43765241862241205,0.07860457502052506
R,0.037176856949375434,0.2049867460960579,0.04389840183064715,0.4024168251756368,0.3115211699482827
W,0.037866757355208655,0.39486888038726353,0.1291046060693394,0.033371064581276984,0.40478869160691144
W,0.023978098406462058,0.09780914834873528,0.09560608476549629,0.04526835526250681,0.7373383132167995
W,0.13343505005013648,0.18861873226065246,0.014721547227335527,0.007463472481486698,0.6557611979803889
W,0.09536019426546105,0.40534289803932694,0.021065037307740484,0.005275419085307086,0.4729564513021643
N2,0.30507444016601226,0.3669303846944979,0.003712004172655022,0.0462199854758715,0.27806318549096326
N2,0.16667378057392354,0.574206809399253,0.004039066089265513,0.08227014437047568,0.17281019956708243
N2,0.13371810625260766,0.7375265144900233,0.004428263452589274,0.02153074595800428,0.10279636984677533
N2,0.08306691415613894,0.8513742558566304,0.00321216784105573,0.014746644219501826,0.04760001792667303
N2,0.07327158579277959,0.8508848457516973,0.0006636420942548307,0.030708688965450318,0.04447123739581797
N2,0.060508335065549236,0.8820873079076912,0.0007860077174238981,0.04291336109322763,0.013704988216108225
N2,0.037563212861673176,0.9200052869600256,0.0011434031230607546,0.03017957939555266,0.011108517659687936
N2,0.04905782180622402,0.9184686109396087,0.002524574578453563,0.016690255612860985,0.013258737062852995
N2,0.05164707357381021,0.8902011876707578,0.002433842558221247,0.028519591453467497,0.027198304743743164
W,0.030056806247815444,0.3037346656123092,0.13833188783533817,0.09052852991958847,0.4373481103849487
W,0.02741115415459538,0.3166680922529055,0.011174495672416193,0.25862994340423473,0.38611631451584816
W,0.08306765688510204,0.24294762250193902,0.004069494566050338,0.002604642312986594,0.6673105837339219
N2,0.2720531877937152,0.5894814619462817,0.002241702315532898,0.007398541484618719,0.1288251064598514
N2,0.22911389929369566,0.6130860545017787,0.026877154657290327,0.008596531592164868,0.12232635995507063
W,0.027287480495014525,0.26010091969609955,0.01748961231115373,0.0036320019911991364,0.6914899855065331
W,0.04471269224975053,0.3229169149361928,0.026212421049448372,0.004737826857984064,0.6014201449066242
N2,0.06479024474291456,0.5529164538760595,0.043565046183970314,0.026329161389387696,0.31239909380766795
W,0.024343340071994075,0.15970685556070915,0.005773877048023233,0.06510181039993576,0.7450741169193377
W,0.0008246667309845096,0.018588535993771367,0.0007598108198305576,0.00015204325664633955,0.9796749431987672
W,0.0005640352985707505,0.002607594939141593,0.00012767398359117403,0.0003829619314869095,0.9963177338472095
W,0.003182401779723124,0.005506210509155443,0.00022737611515435212,0.0011412193027666756,0.9899427922932004
W,0.0017788911314221775,0.0029522912556084117,0.0004619256667564955,0.013633581924423339,0.9811733100217895
W,0.0014757133361379916,0.004612972457815455,0.0014823965556187509,0.0007651235020549424,0.9916637941483728
W,0.0018968180424395182,0.004574255752223599,0.0029733080115989115,0.04880159495617529,0.9417540232375627
W,7.097516123043678e-280,0.011773320275404994,0.0034918749245966166,0.056210206437178487,0.9285245983628199
W,0.003616381638675599,0.03253905366952817,0.005647659306495987,0.006433241243717123,0.9517636641415832
W,0.00764309608706624,0.11466663971794284,0.03740983987841597,0.024605838912328797,0.8156745854042461
W,0.006855520507465657,0.03677927913898616,0.015906605749542713,0.00046810418492141645,0.9399904904190841
W,0.0058315867840471065,0.07868264005525057,0.006208783571338592,0.0015487792500775688,0.9077282103392862
W,0.003696971514559294,0.017435630029415592,0.0007924809409940779,0.0007735699626284797,0.9773013475524025
W,0.00964292997528859,0.03165346101570254,0.00016145588896603906,0.001494680621985856,0.9570474724980569
W,0.00522013284899489,0.03520678822707797,0.00019056926903986945,0.0006930348562806556,0.9586894747986067
W,0.009509584654523322,0.021088399199374844,3.740823278821672e-05,0.000759817649172441,0.9686047902641413
W,0.046692126131797226,0.05639538505015852,0.0005131268600965885,0.0017596577886913793,0.8946397041692562
W,0.04935083327284642,0.07648109240894285,0.000573856162281566,0.004901209636329592,0.8686930085195995
W,0.06425216426740514,0.10954197545105111,0.00016440297772985863,0.004989949570911862,0.8210515077329021
W,0.05783866371504889,0.04394311049913403,0.0005687779439686716,0.006782599881570619,0.8908668479602778
W,0.1430318391955555,0.05989811260371514,0.00042459671229692236,0.008569164767853918,0.7880762867205785
W,0.1274932314986334,0.061814124354022136,0.00021093353314056545,0.013865512659408354,0.7966161979547955
W,0.1570150460922894,0.03313942195847699,8.320348409979493e-05,0.00792268909812885,0.801839639367005
W,0.01965079294830177,0.01255255127319813,3.468139210418608e-05,0.0019355851865098012,0.9658263891998862
W,0.014040676605864662,0.028006199555337407,0.00047586957077163093,0.005911589969759204,0.951565664298267
W,0.15551969244106184,0.072102754464122,0.0002702488433408948,0.04212558175889684,0.7299817224925784
W,0.16593414309889373,0.21179726895706633,0.0005524585186891025,0.16128920519963047,0.46042692422572046
W,0.13433113247068715,0.21955821956304505,0.00029273133848763534,0.14836066085509786,0.49745725577268235
W,0.2101088799050645,0.2702244992230965,0.0007037770351249829,0.11298613095475005,0.4059767128819641
W,0.18991556006566054,0.10317684616255972,0.00040860474211110295,0.10140106617319546,0.6050979228564732
W,0.07831654226086203,0.046268153518328886,7.389132033516943e-05,0.051502468442097216,0.8238389444583766
W,0.03570396548413891,0.016550023595881577,3.259976473723254e-05,0.017366693214819366,0.930346717940423
W,0.05573970583698006,0.1280646338079024,0.0009999568210074803,0.04386386733652854,0.7713318361975816
W,0.07678620963527798,0.21178221134371458,0.00022869814207605464,0.01758166137172352,0.6936212195072078
W,0.047064995847996415,0.04224567573926927,0.00018848139138418984,0.013312556485098801,0.8971882905362514
W,0.03648185774565357,0.026968632111100614,0.00014689032440615276,0.015116932771809997,0.9212856870470297
W,0.04409878268246675,0.04332351544103565,0.00027349430169246365,0.013087203861125496,0.8992170037136797
W,0.28730457066547865,0.09523402595901383,0.0008007491595443367,0.02041733394748565,0.5962433202684776
W,0.2482464791822148,0.06264940565240865,0.0002443233742861876,0.036367039489070274,0.6524927523020201
W,0.1064648261512148,0.10396133220699609,0.00039952469380352164,0.023863905064622905,0.7653104118833627
W,0.05913136558441134,0.046025400942117344,0.0008940136424670612,0.02457734634005693,0.8693718734909474
W,0.006742561547442926,0.019836364280487056,0.0006245931620397582,0.0037251978720030526,0.9690712831380272
W,0.013092751791690843,0.022625154681111787,0.0003805441257707606,0.0058044289119829826,0.9580971204894436
W,0.04658018001170937,0.047416056035435306,0.0003378005253581423,0.022669231093968813,0.8829967323335284
W,0.04533879101170352,0.027260566561339808,0.00014319186014030106,0.016793841877688596,0.9104636086891277
W,0.03377117036603505,0.04454473608299811,0.00034644759347559907,0.01674243433050416,0.9045952116269871
W,0.009728138701884319,0.06363836796058443,0.0001234524188387825,0.006269808039711143,0.9202402328789813
W,0.04914443144572285,0.11358255606288271,0.0007052934572957353,0.020195379207759944,0.8163723398263388
W,0.019051604770109778,0.05020961473712943,0.00014263277489701958,0.007112160528795915,0.9234839871890679
W,0.009631401122194934,0.10341873144926644,0.00015692562814654002,0.006645262185689442,0.8801476796147026
W,0.00456924429739901,0.021206121827474864,9.1751663284908e-05,0.0013690000158828465,0.9727638821959583
W,0.005987724155344971,0.048421947374046675,0.00010874177926847555,0.0025179500990608517,0.942963636592279
W,0.022573802499356636,0.05693516016325929,5.7091238912663734e-05,0.0012137719686109304,0.9192201741298606
W,0.007518861792524644,0.05659312961841141,2.5785158349593977e-05,0.0011782107548828536,0.9346840126758315
W,0.030971171618847007,0.050297413985410606,9.27037327351304e-05,0.0021841221146479614,0.9164545885483593
W,0.01355207468532577,0.043277682778148106,2.5773886077143545e-05,0.003778894710191078,0.939365573940258
W,0.006989779738645638,0.048700581100765895,4.31548107438816e-05,0.0026280891028765793,0.9416383952469681
W,0.011741483447596674,0.04186932706003265,2.0424372239972488e-05,0.003284883943096791,0.9430838811770338
W,0.026609848519533998,0.050506854839235574,0.0001593558277430052,0.007879590362673028,0.9148443504508144
W,0.004575971956577732,0.006433241999164967,1.1243046009475703e-05,0.0024622644461407663,0.986517278552107
W,0.007764834428219102,0.01052811737798902,5.0021556829974316e-05,0.006107378557225616,0.9755496480797363
W,0.022457220604814428,0.011868089882227649,0.00010120141469507298,0.017339217569877115,0.9482342705283857
W,0.028286331124488404,0.030253083509932728,5.4720225743737774e-05,0.03151561532969815,0.909890249810137
W,0.013134795868492618,0.034036168835324655,0.0002467183361531977,0.014550887316945881,0.9380314296430836
W,0.09157859510951952,0.1121880149396447,0.0002867706478500203,0.08233732037998943,0.7136092989229963
W,0.11218924636130016,0.22104790053679468,0.00041046472192454725,0.0928091219810169,0.5735432663989638
W,0.08005941710553006,0.1125002401167985,0.00040234208340628896,0.05082787176669239,0.7562101289275727
W,0.04131964067541865,0.08021126875319096,0.00023248752816026503,0.022171987474303715,0.8560646155689263
W,0.04609293410045548,0.08800700499305829,0.00028608719267293373,0.007519005738018526,0.8580949679757948
W,0.013847496336904333,0.025070219967371424,0.0001331284756444257,0.004337115993848262,0.9566120392262316
W,0.018584552667701523,0.045735742787251156,0.0002870531375513112,0.005557022055471979,0.929835629352024
W,0.003661865453533109,0.02534882028162711,0.0007074568671681707,0.0003627414437017155,0.9699191159539698
W,0.0033554158126629743,0.02275218571819986,0.0011231018721454414,0.0004472826833402569,0.9723220139136514
W,0.0053441576890589215,0.014003739435342884,8.355031302364604e-05,0.00027880926560937177,0.9802897432969652
W,0.003357829291210453,0.018620581865392845,0.00040930320602134676,0.0003575488359146137,0.9772547368014607
W,0.00250712253214556,0.014875571010164563,0.00030418569334602177,0.0003635454944781699,0.9819495752698658
W,0.01562984997382862,0.03311878294638001,0.000377821108423542,0.0020158125399138485,0.948857733431454
W,0.007690248366521596,0.023436552674288118,0.00011940011210021526,0.0019467192384653776,0.9668070796086248
W,0.01059369526305211,0.04931595805116046,0.0008352757552679034,0.004405491342139364,0.9348495795883801
W,0.049887857090103425,0.10344582437886576,0.0002808502636340005,0.008852327988240937,0.8375331402791558
W,0.011891969907161702,0.029525585633825006,0.00013477991933749363,0.0038473205665806296,0.9546003439730951
W,0.0041957130519252196,0.01492711970689559,0.00011698996089857333,0.004103437524710756,0.9766567397555698
W,0.024799469648542193,0.08556861842809384,0.0010989943927202696,0.004299435292682909,0.8842334822379607
W,0.008051018087345522,0.023123789696599197,0.0009735524557071549,0.0006416265275786063,0.9672100132327696
W,0.003518842135712893,0.021987216827620636,0.0007464188306581765,0.0006675797867473485,0.973079942419261
W,0.03445853956442101,0.038302079606939994,0.00043170845214453063,0.003516858926778257,0.9232908134497162
W,0.050304899776816514,0.07693798993696858,0.000302759175258262,0.009483053949129289,0.8629712971618273
W,0.07062782793918031,0.11479656972626238,0.000285958540785131,0.008599270390733613,0.8056903734030386
W,0.07973403752124789,0.07693995691686836,0.0005987105283918848,0.010498032949958479,0.8322292620835335
W,0.041242811902409575,0.09044463564108486,0.0008993050577566662,0.006617440506956151,0.8607958068917928
W,0.0054524989139485055,0.021649670368714024,0.0003922206628015079,0.0007687108763210951,0.9717368991782148
W,0.05593657564430017,0.051120983896484215,0.00018728260809563986,0.01699175028146113,0.8757634075696589
W,0.028732338229538315,0.032414089645954235,0.00024566385363401604,0.01613189094117258,0.9224760173297009
W,0.013704558186214959,0.02262321254058082,0.00027387484922790204,0.005378743074732606,0.9580196113492437
W,0.00718371685369305,0.03125781214395226,0.000480960633338205,0.005539511563994647,0.9555379988050219
W,0.03331368335611012,0.041481608943531485,0.00017614991239092525,0.02969939558669473,0.8953291622012728
W,0.01089102218203568,0.04142843639461736,0.0005415959823021167,0.00963584339632366,0.9375031020447212
W,0.017950328547919694,0.04682484596396794,0.0003928712029226134,0.007341265760143325,0.9274906885250465
W,0.012281269887212487,0.05537794592819601,0.0011401700858509254,0.01246847782255863,0.9187321362761819
W,0.005856262105201905,0.01599805329053788,0.0006727701547602088,0.002419875159177545,0.9750530392903225
