Stage,N1,N2,N3,R,W
W,0.01011219208240466,0.002534154034941768,0.00030179652841288014,0.06479327210966214,0.9222585852445785
W,0.050174229109183385,0.037667132325657736,0.003185691433156742,0.010551868324215756,0.8984210788077863
N1,0.4814317043210362,0.018947306407219762,0.009954397239474572,0.0701526160608034,0.419513975971466
W,0.023739338261321716,0.009229805052002707,0.013840230416613194,0.006571702056863081,0.9466189242131993
W,2.860511872526358e-54,1.0276917777772987e-06,5.075125048549486e-08,6.738558008958055e-06,0.9999921829989629
W,7.585453527168184e-08,4.806149135128354e-07,8.068781977174274e-08,6.279457260570439e-08,0.999999300048159
W,4.762217006413599e-08,2.432440639336676e-07,1.0003734770669723e-07,1.3915290512963612e-07,0.9999994699435132
W,0.0606548328969444,0.049316188777799745,0.007243567866084874,0.0018043610037306425,0.8809810494554403
W,0.09620048154833154,0.1644268234222881,0.16414433960649827,0.008616185048973869,0.5666121703739083
W,1.3473217584235558e-19,0.0019198606167978504,0.005034314068265218,0.14458144737719797,0.848464377937739
W,7.274574142216812e-19,1.7405682491010513e-06,1.054176360880398e-06,1.9100227276937796e-06,0.9999952952326623
W,0.04149792343708262,0.018347486228206467,0.0024008046024050714,0.07573814180908958,0.8620156439232164
W,0.055232025330648346,0.07606670543133612,0.004362809556530762,0.035607865515625566,0.8287305941658591
W,0.018002961236794478,0.1306062918447614,0.005699582348633163,0.009559879150417644,0.8361312854193933
W,0.024173315775788223,0.08677902221544814,0.002950811330647531,0.09034498271275876,0.7957518679653574
W,0.051342565503869515,0.10057810215015661,0.0020513609999175193,0.10740840277510065,0.7386195685709558
W,0.038465805298329096,0.2233115743574055,0.002228569061634327,0.03488426085810061,0.7011097904245305
W,0.03180746062243093,0.07247089351524823,0.0012795519060978587,0.02138907653154714,0.8730530174246758
W,0.024886925580773656,0.09158348484594256,0.0005770717252736897,0.03583282941036669,0.8471196884376434
W,0.016747419655621328,0.09718123293234325,0.000368361253518603,0.013809070880352551,0.8718939152781643
W,0.04593675425506219,0.046050824788021534,0.0005416394254869248,0.014819620937854987,0.8926511605935743
W,0.022620291062142393,0.06730774148364119,0.0005256394581619,0.022008215809831016,0.8875381121862236
W,0.07617461486206764,0.09643148928914572,0.00037132183256441696,0.018949160435719977,0.8080734135805022
W,0.07000633311597919,0.05312490788313639,0.0005641219507404116,0.023357946505917552,0.8529466905442266
W,0.18292417565646737,0.18047725767480102,0.0017525866021212875,0.03397091400053668,0.6008750660660734
W,0.046903641574927074,0.12973905972074892,0.0015813047314266631,0.034991961782311586,0.7867840321905857
W,0.07640384520553728,0.22315135141651293,0.0014635787461378484,0.07366438561444183,0.62531683901737
W,0.07773131806976212,0.10463341998906676,0.0012523996328380207,0.12814091251833223,0.6882419497900009
W,0.12035972921503413,0.09773058166235561,0.0009522791590410412,0.1112063297157114,0.6697510802478578
N2,0.2008075948547944,0.42599169382429675,0.002168702920250363,0.2183573005258713,0.15267470787478707
N2,0.2113934129252958,0.5566545289269998,0.0050781088998138515,0.17307808948271133,0.05379585976517936
N2,0.3016839778399337,0.5165696298984541,0.04918794759614682,0.10880130907705302,0.02375713558841232
N1,0.49695682144842873,0.35634128414013877,0.015108128017117755,0.10621422867274632,0.02537953772156837
N1,0.5071965092153203,0.23962724906436375,0.014715735591235513,0.192955607547613,0.045504898581467446
N1,0.49279113371602046,0.12141445844885543,0.00933374002139548,0.35043717603383717,0.026023491779891536
N1,0.39070468666810776,0.20033887820214963,0.009839504851565574,0.3769181203525449,0.02219880992563203
N2,0.28945193059139124,0.37176381452118545,0.02815725964532105,0.29618171348725264,0.01444528175484964
N2,0.19354678948621692,0.582943372793078,0.04102532720396483,0.11310615125300841,0.06937835926373181
N1,0.40550745798795207,0.379977411969646,0.0096754212721815,0.18137977566185534,0.023459933108365038
N2,0.19550037747771876,0.6759614539613997,0.03255974069796659,0.08663742807828934,0.00934099978462562
N2,0.12658730179346306,0.7311467213386127,0.04971105591111685,0.08293211062130335,0.009622810335504103
N2,0.24580439600845916,0.544343378361521,0.018395473908923096,0.1768852921232209,0.014571459597875753
N2,0.10562094543121875,0.8027757760685412,0.011378175317355707,0.07281903444647726,0.007406068736407057
N1,0.42413188422071807,0.3093640698648668,0.01580136828494143,0.2354925894363611,0.015210088193112618
N2,0.3090958131580333,0.49335705934382307,0.04239454887046926,0.14414203447936402,0.011010544148310372
N2,0.2684547144350142,0.5653732194162381,0.017251457813553497,0.13527783363194915,0.013642774703245084
N2,0.3188024067997763,0.490988526709115,0.023006873002243727,0.15311059759935228,0.014091595889512563
N2,0.2074719858882663,0.628960947691674,0.032988246015833216,0.12176154727454888,0.008817273129677568
N2,0.27509664987878474,0.6767039664022741,0.003018172303775062,0.016922381849685884,0.028258829565480228
N2,0.04540612082350951,0.9080340936795875,0.013540600869657004,0.0074888213323379745,0.025530363294908005
N2,0.1261118478813933,0.8239930095495229,0.013220619930864952,0.025492457682124357,0.011182064956094478
N2,0.1468708615609909,0.7929307708283685,0.013292082698416804,0.02886346744082475,0.018042817471399197
N2,0.12912798666690214,0.812931967688931,0.013517302453376833,0.01827477527666896,0.026147967914120964
N2,0.12144845418754847,0.8195772060930941,0.015132573546534548,0.02723384947398814,0.016607916698834744
N2,0.09108559445458411,0.8768021452041512,0.009225223909633791,0.005656772623700397,0.0172302638079304
N2,0.12589182007955985,0.8249541466457749,0.007980224864353421,0.021038791731597593,0.020135016678714302
N2,0.030036068044979616,0.9119029067971128,0.018450539212506396,0.004762188871237066,0.03484829707416392
N2,0.1946123742796273,0.7257308010865817,0.03159625861093886,0.03101685665614999,0.017043709366702034
N2,0.033601789844185034,0.9381272775841085,0.016894945322015083,0.004212616564769507,0.007163370684921754
N2,0.05649293679350592,0.8969649995499517,0.030498787666709496,0.011219594107659705,0.00482368188217328
N2,0.02632299951929037,0.8953348216770332,0.06140584575483872,0.009689781257744374,0.0072465517910933665
N2,0.018337077084002285,0.9058227653606101,0.053522895799465245,0.0064721968095663215,0.015845064946356263
N2,0.02590351152642244,0.8630538696158243,0.08942241631085492,0.006224147683773266,0.01539605486312513
N2,0.029644992274368363,0.870789390190227,0.08680950173558188,0.0048536638795224915,0.00790245192030017
N2,0.01822779561641539,0.9123617639728758,0.045456413641539545,0.005092707623337426,0.018861319145831754
N2,0.019509566738730347,0.8611198225319316,0.10414257158837144,0.0034610699635000053,0.01176696917746653
N2,0.00751529876829721,0.7513838174961012,0.22370435023225757,0.0045527008842775754,0.01284383261906654
N3,0.003498469799426185,0.395464823552522,0.590542660154664,0.0013523812383162644,0.009141665255071608
N2,0.007801960017825355,0.5627104188554362,0.3978467055453694,0.00496153430081029,0.02667938128055886
N3,0.0013932572027661756,0.22095796930849299,0.7697336448286425,0.0008235978562936559,0.0070915308038047185
N3,0.0014204407448912743,0.2351250631087465,0.7555397307111302,0.00043862874881377725,0.007476136686418091
N2,0.011976220125130629,0.5752825835031238,0.396307907212018,0.0029709814395427235,0.013462307720184889
N2,0.005334751194298168,0.6791768857448325,0.3025115958471599,0.0025724035889884895,0.010404363624720922
N3,0.002977893970058192,0.4568785579534579,0.5313220290243975,0.0018968838877025647,0.006924635164383813
N3,0.0028179894288263966,0.45643423809744105,0.530030569442188,0.0019900165508706406,0.008727186480673775
N2,0.003395542755266516,0.6296973086151951,0.355794733862706,0.002671026949708639,0.008441387817123846
N3,0.0018117810980547342,0.4334010489905579,0.5577656178965034,0.0013822521824736875,0.005639299832410323
N3,0.0013715377956251044,0.3458452323628453,0.6447979171742497,0.0007653031071809467,0.007220009560098798
N3,0.001875103495119861,0.45213133294441354,0.538080130716909,0.0006339737170955721,0.007279459126462216
N3,0.0018675207933909954,0.3912563368278243,0.6026882596729222,0.0005094293540026314,0.0036784533518599218
N2,0.002012459620251673,0.5300974066469724,0.4051107120046494,0.0005136597668327794,0.06226576196129396
N3,0.001473332842632137,0.45255742178158775,0.5391533965455274,0.000409801392765213,0.006406047437487476
N3,0.002511480418106988,0.41866393188185086,0.5651424242657692,0.000700921968706935,0.012981241465565979
N3,0.0023053972906911793,0.4374979590220588,0.5490654056735745,0.000538850811619808,0.010592387202055699
N3,0.0027094382389449595,0.31960713173537925,0.6686663174285571,0.0006196977622343423,0.008397414834884381
N3,0.0014557860968717753,0.33719157349413464,0.6520823178600151,0.0003421819573218212,0.00892814059165662
N2,0.0042983688211781345,0.5745237508757176,0.4091161986103356,0.0005264370014190367,0.011535244691349573
N3,0.0019672089641639386,0.36526499447304117,0.6210858217677108,0.000386719224632021,0.011295255570452105
N3,0.0008097373930610319,0.22303821403221305,0.7672631486255677,0.00029790048416869096,0.008590999464989707
N3,0.0007842904420432328,0.18595527274752177,0.8050721054934268,0.000182933864114321,0.008005397452893952
N3,0.00037298584075594587,0.09765566006004948,0.8982070969519661,7.10182183528396e-05,0.0036932389288757794
N3,0.0009678254706629967,0.17753201758043713,0.8079731860612287,0.0003033754058838535,0.013223595481787476
N3,0.000870166459110579,0.17188405166685566,0.8205796124986221,0.00018797281348,0.006478196561931589
N3,0.000640919724000084,0.17286659459245582,0.8189411311756227,0.00014409177947224375,0.0074072627284489335
N3,0.0006483733225146283,0.13599944568925967,0.8581823775863928,0.0001992627419347307,0.004970540659898323
N3,0.014309649322017204,0.16849456896527307,0.7798751520649735,0.000754716168641725,0.03656591347909455
N3,0.0024245840284480404,0.15723311985964478,0.8306258534338393,0.00040824615849864045,0.009308196519569198
W,0.037635345042598335,0.11422322927846934,0.2534384697365354,0.028512726971344948,0.5661902289710519
N3,0.016846953225192342,0.1861606445849245,0.5237321948876591,0.0023339939836036156,0.27092621331862055
N3,0.003909911909267759,0.21474717748295963,0.7548043800138892,0.000529083434460772,0.0260094471594228
N3,0.01296433225495612,0.16665276664362141,0.6357392013834299,0.0014668626426989878,0.18317683707529364
W,0.17966088801144198,0.3254962048540613,0.15463033300388737,0.004552060184380947,0.3356605139462285
W,0.02115457915433536,0.141783401742125,0.10733831844676693,0.15796791964889825,0.5717557810078744
N3,0.0036393885053245833,0.1061993488081048,0.7679340308846362,0.0856615342268783,0.03656569757505624
N3,0.018383468560569726,0.18108588374733772,0.5534797028656636,0.18368469603385879,0.06336624879257022
N3,0.02680098357607881,0.23323974693952568,0.51357639702086,0.16595855938713655,0.06042431307639905
N3,0.010867861575996018,0.1652162489473015,0.719955158621953,0.04172571326882343,0.06223501758592619
N3,0.018736921922203772,0.22154379310825245,0.6398615441025792,0.06954946526315588,0.05030827560380863
N3,0.009962009351104147,0.16459165113676233,0.747409609500869,0.0414908852953484,0.03654584471591618
N3,0.006168518857720894,0.1359093522526067,0.7797115525315863,0.033470616421337716,0.04473995993674825
N3,0.004756599338401931,0.10392869963617964,0.824865641297608,0.04089137588525054,0.025557683842559867
N3,0.002636439585766508,0.07188959578454868,0.8837852844599594,0.020633041067817135,0.02105563910190842
N3,0.0025147067190777845,0.08220852124533935,0.8746375181335597,0.01973280733437813,0.02090644656764484
N3,0.008033570747315859,0.08854390483222516,0.6400920452228108,0.031018472788540623,0.23231200640910757
N2,0.007122131347834107,0.6034557216975223,0.3597743787297567,0.0006949672015574647,0.028952801023329387
N3,0.005488654363182326,0.42183207278947493,0.5423672625791018,0.00040644684838479257,0.029905563419856118
N3,0.001158427116207466,0.12486353837205698,0.8672688061307712,0.00020032841890746657,0.006508899962057025
N3,0.0009466547282821389,0.18308921678023105,0.8070686424821782,0.0001498800329042054,0.008745605976404383
N3,0.0011501683148707283,0.2032257056990554,0.7881404122117951,0.00016293404610318458,0.0073207797281755645
N3,0.0023941786677284136,0.28354309989772647,0.704117308470413,0.0006903180722842461,0.009255094891847962
N3,0.0009808493724085933,0.1462791236231231,0.8486044658047206,0.0002411604539704792,0.0038944007457772855
N3,0.0015391427437448592,0.23304465509730374,0.7546003978893487,0.0006548713875184187,0.010160932882084256
N3,0.004154090354667841,0.2785989139491106,0.7008811713137407,0.0022102006859331122,0.014155623696547713
N3,0.0010103504618642408,0.2130449626064122,0.776842418235912,0.00047867943307011295,0.00862358926274143
N3,0.000802812313157581,0.1897660659924355,0.8047211727515798,0.00040794643945932067,0.004302002503367808
N3,0.001323235521793561,0.25606382133351113,0.7359694716161091,0.0007415514644584329,0.005901920064127738
N3,0.0005390947846238897,0.13709747597710167,0.8596361895645147,0.0003258325771159136,0.0024014070966439185
N3,0.0005578091924128452,0.1487151814188641,0.8462713458577421,0.0003237959796335946,0.004131867551347397
N3,0.00024497743825166885,0.12669198925421704,0.8708409965121332,0.00017449051661765503,0.0020475462787804682
N3,0.0007770181249182785,0.17508963205282826,0.8186832447316305,0.0003918737697087438,0.005058231320914221
N3,0.0004312566720781538,0.13676315138180276,0.8592921843192144,0.0002458688489227112,0.003267538777981905
N3,0.0006979767167695632,0.12073674540641761,0.8691959771108779,0.00580570352047977,0.003563597245455081
N3,0.0006585268340914945,0.14038095830378974,0.8538710214921466,0.0005297693252312602,0.004559724044740922
N3,0.001164029533222079,0.19852585179479257,0.7929976830415068,0.0007827184870197633,0.006529717143458692
N3,0.000731541862911098,0.1662076948780344,0.8273025225143613,0.0003917949519895624,0.005366445792703452
N3,0.0009749598846817526,0.1633975582810885,0.8274081214618813,0.0006702965842099548,0.0075490637881387695
N3,0.001037187683859864,0.27293441278228614,0.7151998972067002,0.0007687876394246602,0.010059714687729298
N3,0.0019221698875571736,0.25814440921287823,0.7310041170462881,0.000949549743431084,0.007979754109845347
N3,0.001198610876134458,0.28017380492582,0.710188006674999,0.0006211307765734443,0.007818446746473117
N3,0.0011153872228088218,0.1915697816769195,0.8011248836697272,0.000894553514194905,0.0052953939163493825
W,0.025181285622069907,0.29996185288101596,0.24087949866974426,0.0033405201565507247,0.4306368426706193
N3,0.0041682087342047565,0.28036365241832684,0.6816827215281861,0.001608351734680852,0.032177065584601657
N3,0.005693008660653558,0.2995455083858593,0.6648752420280873,0.0033377013340893874,0.0265485395913105
N3,0.006926574253402254,0.3102908488840841,0.6286950065851866,0.0038388555089423756,0.0502487147683846
N3,0.0014438939640279596,0.23088676223127225,0.758257745302914,0.0011673698073182616,0.00824422869446737
N3,0.0006556228803603546,0.1638943087338819,0.8294651897019979,0.0006110805440747996,0.005373798139685154
N3,0.0007394184886671244,0.09277007220377573,0.9024546677462354,0.0006326622481931127,0.003403179313128722
N3,0.000372943884129542,0.06362033437519327,0.9306087786333535,0.0033588837886683754,0.0020390593186553913
N3,0.0006975830301366695,0.11156620481713034,0.8730359413702646,0.008346443080284588,0.006353827702183786
N3,0.0007063616796336927,0.10026968071062954,0.8958818872277,0.0005361316068040683,0.0026059387752326666
N3,0.001055770550175978,0.14053811589400156,0.8510626181953491,0.0011225522761202755,0.0062209430843528845
N3,0.00046778706939154904,0.06825160596000762,0.9256942003227127,0.002970415861473858,0.0026159907864143463
N3,0.0006010543307784829,0.10043319908071396,0.8954318225599608,0.0006130546828241238,0.0029208693457227273
W,0.04110275553096548,0.0685472780454774,0.018876836686835728,0.1342651622804688,0.7372079674562526
N3,0.0452990920821143,0.25474970364890037,0.2765974568880641,0.18457910289772503,0.23877464448319607
R,0.033948609388811286,0.2213568884908246,0.29646426348182126,0.3173042227490478,0.13092601588949515
R,0.0772008631691107,0.2262362007876925,0.23591417346044505,0.3791952227489276,0.08145353983382418
N3,0.010797007604977149,0.11509878566786914,0.6641853830221791,0.15381355808557015,0.056105265619404314
N3,0.013455754373116559,0.22839642705410484,0.45470260372943944,0.26615876943034183,0.03728644541299713
N3,0.008148590025234199,0.16509099560750787,0.6571219085699181,0.13972914528257152,0.029909360514768224
N3,0.006011688146982974,0.2053378936439707,0.674308110824818,0.09152600335244819,0.022816304031780112
N2,0.009568642538125475,0.4261763665623971,0.36874232902733045,0.16213019489454086,0.03338246697760606
N3,0.007003794282481387,0.39575018263194206,0.42379985558553845,0.1481190248740221,0.02532714262601596
N3,0.006147550934192757,0.3318526510206892,0.5112702928906104,0.09583187413784705,0.054897631016660536
N3,0.007518380399330177,0.3842755218319659,0.4681769360541578,0.10600725058177714,0.03402191113276917
N3,0.0014303247738191437,0.15004869381166638,0.8193477593179663,0.018003528934550313,0.011169693161997686
N3,0.0013866805682211474,0.1263384380599104,0.8587346959395422,0.001908627958513514,0.011631557473812794
N3,0.004142701165659783,0.35781409744277926,0.5425338895964704,0.06551404312712328,0.029995268667967406
N3,0.001233228103863815,0.17394144337070808,0.788764039726212,0.01113535854598595,0.024925930253229985
N3,0.0026965288066495095,0.3344342217780391,0.6270772653682024,0.0014924976503265343,0.03429948639678256
N3,0.0021365756051309006,0.28680678459700826,0.6836201460199753,0.014202825100397814,0.013233668677487695
N3,0.0021809660374463927,0.337778734048987,0.6246646887205604,0.017214359261497104,0.018161251931509085
N3,0.0022063767788801053,0.27138190615138064,0.6989146081958618,0.011936154382336287,0.015560954491541072
N3,0.003639186264246308,0.32681268763637994,0.630523985981197,0.01744638608118415,0.021577754036992643
N3,0.0034232415144203753,0.43464879887057145,0.5219884682400935,0.01446452643778435,0.025474964937130296
N3,0.0030502211361244807,0.3787766224409166,0.5838941510680062,0.014342201103249427,0.019936804251703227
N3,0.002542481532106025,0.28895388522217547,0.6684420235199199,0.013531368408966366,0.026530241316832234
N3,0.002334054550246624,0.288320953196692,0.6822139093683297,0.009261599786515202,0.01786948309821641
N3,0.003756654354035273,0.4037289249807181,0.5468538780903295,0.0017942920208914187,0.04386625055402557
N3,0.003992667468496844,0.4128106260242679,0.5232822261705615,0.02508245580738489,0.034832024529288845
N3,0.0032902497379777933,0.3822653054120265,0.5630756472514827,0.026969722776029843,0.02439907482248303
N3,0.002411178166412481,0.24933793026037543,0.7191048556946311,0.014253744288975329,0.014892291589605672
N2,0.0042338898216077794,0.4861001809652729,0.466921165054291,0.018768401015052994,0.023976363143775534
N3,0.0032146219234945286,0.3527283316206687,0.6278507835861525,0.001064943088064268,0.01514131978161988
N3,0.002726920574175485,0.36277911247457567,0.6017723984298617,0.018188485183157035,0.014533083338229908
N2,0.008644777089387242,0.4984633343921762,0.443940714150715,0.023971491868408457,0.024979682499312993
N3,0.0036318990252258965,0.42272434600060865,0.5319546192824708,0.022460232458045,0.019228903233649564
N2,0.004556340262675457,0.5242899675613027,0.4323401882484625,0.02063393808565014,0.018179565841909228
N2,0.011239521856420883,0.5267209329283291,0.4103347562433315,0.03098058367481996,0.02072420529709857
N2,0.010257780243991257,0.549060252288512,0.38663592238024697,0.024486007955008927,0.029560037132240858
N2,0.008770976990293538,0.5220088440356685,0.4174334118902693,0.026010788898099726,0.025775978185669
N2,0.005858150641184935,0.5582081482859927,0.39051279127598093,0.016291626949247674,0.029129282847593765
N3,0.005020299125852706,0.3946374912934962,0.5519571862906245,0.026549030098937085,0.02183599319108956
N3,0.003353942268887588,0.4446289793405923,0.5070516418122387,0.021389127576854367,0.02357630900142701
N3,0.0038019869625076233,0.4625882591574381,0.4792987501092907,0.021699783509253563,0.032611220261510074
W,0.008895180282407019,0.2183747201075325,0.2440846683295005,0.026531398824436562,0.5021140324561234
W,0.01897163516756352,0.2125410500013712,0.2817649677545125,0.1162536809209691,0.37046866615558366
R,0.0231924940768548,0.11509211196148363,0.05891561471071511,0.45231598501407233,0.3504837942368741
W,0.1499780215105072,0.24636142046627976,0.024746865876732766,0.06289415451167663,0.5160195376348037
W,0.09393887160500485,0.11077861619182348,0.018761887422883313,0.04892335785600084,0.7275972669242875
W,1.6585813738024178e-279,0.025151975102698607,0.0077701917005328055,0.06183180666884509,0.9052460265279235
N3,0.0002755934777080679,0.000668843317657272,0.6684530031802384,0.0032343089573536096,0.32736825106704265
W,0.056936195566441035,0.11771710124981709,0.01934735057244812,0.01153604316196351,0.7944633094493303
W,0.027951574123181302,0.23576562417948937,0.020768895811985582,0.003729695566036367,0.7117842103193075
W,0.055886801984812384,0.13212521801652558,0.01525790070666276,0.008048606629913272,0.788681472662086
W,0.031734478097492885,0.2213274491125556,0.05444778135586294,0.023915189856404576,0.668575101577684
W,0.02778910308308019,0.30581723180095643,0.034223373131001406,0.02124767041787713,0.6109226215670848
W,0.03948565484609013,0.274694857268825,0.08179493325254435,0.04059418650581534,0.5634303681267252
N2,0.05834484826122667,0.5529583499570623,0.07611834966383976,0.019764635846054316,0.292813816271817
W,0.09170524075686808,0.27770416979769025,0.05412690407746007,0.06548715781538893,0.5109765275525926
W,0.052493342744373415,0.0947069296128793,0.007025936551339536,0.07934889974597358,0.7664248913454341
W,0.007774629504209957,0.013169944384889968,2.6684294054894077e-59,0.012153594426379847,0.9669018316845203
W,0.02996919824876138,0.08442338656927766,9.046815148510973e-58,0.03309164736258093,0.8525157678193801
N3,7.448949253337583e-06,4.808671165754511e-06,0.9987557731715214,0.0001122557819699438,0.0011197134260896614
W,0.013190388014204107,0.03180583084859224,0.008308508117300578,0.04025896788165391,0.9064363051382491
W,0.0749124390103917,0.11364297420638265,0.047127850027014015,0.05942987864144193,0.7048868581147697
W,0.07082532142720126,0.3155182352576266,0.0706438874933417,0.05667034520466614,0.4863422106171644
W,0.00852664907908599,0.2722110991529971,0.021206828986646768,0.026825620689576946,0.6712298020916933
W,0.034811030901758806,0.18536779282410332,0.015538146543534847,0.042975008585571954,0.7213080211450309
W,0.055898854544724305,0.1585816680303014,0.06492559182427683,0.021848002457915853,0.6987458831427815
W,0.028150090149167598,0.06039980149713232,0.018298841123486544,0.014263576979705834,0.8788876902505076
W,0.03836378894447156,0.10460934707018958,0.03606216416816048,0.022158185101148604,0.7988065147160297
W,0.06495573357214778,0.254787600160259,0.050940541265411136,0.015461544614024767,0.6138545803881573
W,0.047715814101644334,0.23751463110958715,0.07666290906439041,0.009621832172183393,0.6284848135521947
W,0.047358658059625504,0.14269338727552672,0.01771609442202957,0.011144131657594113,0.781087728585224
W,0.02926075207695012,0.01305965013782384,0.003859570968015989,0.025507346820621963,0.9283126799965882
W,0.285900710419361,0.08603410178457689,0.0061525914829067795,0.07078535493109185,0.5511272413820635
W,0.15640475003889479,0.0738594235791081,0.011021145077706719,0.080507280636423,0.6782074006678673
W,0.06098159479410752,0.08933901797997372,0.05174306546297551,0.04287340499698311,0.75506291676596
W,0.15016699613123596,0.37160279138879715,0.00807051766560375,0.0416969578993418,0.4284627369150214
W,0.00412096271967426,0.015059473267039474,0.0024993984399425116,0.027187321157064112,0.9511328444162797
W,0.01088688908738098,0.02250516280836857,0.0015355808367788907,0.03180244282681552,0.9332699244406562
W,0.038551854530226956,0.04336893714583422,0.00030504064954477346,0.017746870675852535,0.9000272969985416
W,0.21382252925648965,0.083827801925939,0.0010605089257539476,0.10787062848709428,0.5934185314047231
W,0.08781836572869627,0.030582682702273708,0.00015471626545607544,0.04764401151778247,0.8338002237857914
W,0.01674734203837433,0.0033044437666342615,0.00010089005649183698,0.08975209078733475,0.8900952333511648
W,0.08206710228434576,0.029170072653209592,0.0015699326365786316,0.13307669124015845,0.7541162011857077
W,0.1053595775346256,0.0890135887634067,0.0019428208188156596,0.03883080459000107,0.764853208293151
W,0.2847759963342858,0.12013708883640774,0.004203305204700009,0.18077107370615186,0.4101125359184545
N2,0.27332012790593424,0.37736724229700014,0.008106826472340607,0.05078850687483395,0.2904172964498911
N2,0.039677720003951616,0.8054417254676509,0.04849274106126668,0.012453858012681047,0.09393395545444984
N2,0.07550920281273871,0.8128807955390366,0.014873630729977546,0.005488144030749647,0.09124822688749751
N2,0.03283343514332659,0.8354336792014105,0.015185473434199234,0.00479850853783602,0.11174890368322758
N2,0.0412921183140065,0.74859164131754,0.0174076519858957,0.059443955428190996,0.1332646329543666
N2,0.0239880011940012,0.7256792710276118,0.008826052922895594,0.002717977912942801,0.23878869694254876
N2,0.16664704144725614,0.43109734789381193,0.001765151697626845,0.025932455489453592,0.37455800347185153
W,0.08881080600595927,0.1885530706007811,0.0035615962260125912,0.08913907959952767,0.6299354475677194
W,0.07862898179217163,0.13471233068891253,0.0010823030867922114,0.09532342261411038,0.6902529618180133
W,0.1171555644617356,0.16591028103004832,0.0018178511061366779,0.12452748601567781,0.5905888173864016
W,0.15961898734332367,0.32313862573030233,0.005978804199011369,0.11636205820408117,0.3949015245232814
N2,0.05543206168907498,0.4521324235512433,0.0021730081773584245,0.05955654464952237,0.4307059619328009
W,0.048883829496596816,0.2584568027113708,0.003207964373409834,0.08624789098241006,0.6032035124362125
W,0.03438514620090105,0.23651692834415164,0.0031492372836316026,0.06770811718491522,0.6582405709864005
W,0.02712312256351891,0.24987069680381502,0.0032724745733239847,0.08728059915831578,0.6324531069010263
W,0.01799839625532836,0.31513498720726885,0.0014980224424082432,0.06235005623794845,0.6030185378570461
W,0.04967313499182764,0.42314756420472066,0.006679222598265281,0.03989637490509829,0.48060370330008817
W,0.08024127161886173,0.42213466310698233,0.0023009473414224695,0.05850624362409789,0.4368168743086355
N2,0.02440152580883409,0.48094281945696205,0.005077376219314402,0.04075164297306558,0.44882663554182395
N2,0.1025854745761805,0.39654776581724727,0.013975039390542256,0.11562376249160854,0.3712679577244215
W,0.17699730355177973,0.17680119546052253,0.002165899311386058,0.06321859126244393,0.5808170104138677
W,0.16459843493701473,0.29301508125666814,0.002538423104040571,0.04702974712767454,0.4928183135746022
W,0.10165427120013154,0.17041139400426256,0.004695710086135806,0.10871511858118293,0.6145235061282872
N2,0.16261283823896092,0.375387781813728,0.004465405903019891,0.1275593966240481,0.32997457742024305
W,0.11155543063276505,0.30519547077506154,0.005333790500980791,0.08267492014870577,0.4952403879424868
W,0.13541586295786423,0.36954933275614027,0.0033372504131642857,0.07504222006200748,0.41665533381082387
W,0.1258349063959977,0.3681266466643055,0.0043667693204174655,0.11977042949701666,0.3819012481222627
N2,0.0980432315461519,0.41689120443753247,0.010120026648803612,0.09339780170900011,0.38154773565851197
W,0.1937046626662366,0.22406757881811726,0.0020695359723979026,0.0906882209663566,0.4894700015768916
W,0.09072414702188798,0.28701089977090827,0.005214003432695091,0.04191105548684461,0.575139894287664
W,0.0579851401454055,0.3804908705144601,0.004762801325897948,0.026312058413309514,0.5304491296009269
W,0.21011385437430116,0.3520833705359649,0.0074705436879727175,0.06156488474269152,0.36876734665906974
N2,0.1276990985639879,0.5684356485733822,0.017537475463466477,0.04118131432926089,0.24514646306990254
N2,0.17932462725702322,0.40480835886919797,0.012612415347249623,0.05225380334844709,0.3510007951780821
W,0.0020811180004462627,0.005646698002372295,0.00017283032849196696,0.02697029841031742,0.965129055258372
W,0.09060049689944814,0.07034956897367675,0.0030499645608378415,0.033085740362704896,0.8029142292033322
W,0.12685267014178045,0.17188695364491696,0.004183347632632035,0.023934705438669795,0.6731423231420008
W,0.15794444321966739,0.17277436449811143,0.004013972312315841,0.030280414632659687,0.6349868053372456
N2,0.10160342993382608,0.6739523871456146,0.013552531839220108,0.014976801813066756,0.19591484926827252
N2,0.10869626740097373,0.6068278195528327,0.008734146021816096,0.034491974775344075,0.2412497922490334
N2,0.06418242165239767,0.6854981929140231,0.006448059939762758,0.04917641604090724,0.19469490945290924
N2,0.13270393333892755,0.5801063583793235,0.019873914742202587,0.06478250939029229,0.20253328414925406
N2,0.06448538367115048,0.4408815039202477,0.03731944309787435,0.07869833417233378,0.3786153351383937
N2,0.026764104539236132,0.6773383747973029,0.015002298113336235,0.09500330660547528,0.18589191594464943
N2,0.03695987323521329,0.6005323184160489,0.05797341983867105,0.1270667650693537,0.177467623440713
N2,0.06525061866041137,0.6276535736806067,0.03680268018081401,0.1408213769179715,0.12947175056019644
N2,0.027398277521597268,0.6915985845619554,0.04460683702528089,0.09448120670546133,0.14191509418570514
N2,0.04250864745785987,0.7366151740672222,0.024690158452497713,0.08994266837260358,0.10624335164981662
N2,0.045079302209194164,0.7080041689474357,0.07306026586380485,0.06276366490250848,0.11109259807705688
N2,0.059780087421383805,0.6035915598446934,0.031166789590577258,0.11302360677583266,0.19243795636751296
N2,0.07540823625502764,0.6752623212475455,0.041176899661193325,0.08453191080650112,0.1236206320297324
N2,0.017002998825494338,0.7791968329563358,0.060372803037744296,0.06433168074422327,0.07909568443620227
N2,0.0318620117734703,0.8007013700297926,0.031330651886526374,0.02896680380411557,0.10713916250609513
W,0.025071995800633923,0.3718926220908568,0.15759308480989337,0.02244689388651108,0.42299540341210484
N2,0.03841491245882004,0.6437109271453297,0.08831396894837092,0.015474605292932922,0.21408558615454637
N2,0.027219491474666874,0.8173297624714015,0.04513776745659373,0.006196930501638756,0.10411604809569897
N2,0.02752257497617053,0.8538619099315917,0.02555797135734661,0.007090426580635282,0.08596711715425583
N2,0.019107871085576666,0.44628883579893047,0.06231337182721917,0.02871323312719642,0.44357668816107726
W,0.007821566824144175,0.45013214165203763,0.023197310831643777,0.0013734862917009435,0.5174754944004735
N2,0.009820191484210641,0.8969408073356996,0.04159846291769868,0.0012835699917877715,0.05035696827060334
N2,0.01922578775650489,0.7784699284802115,0.1005192312410432,0.001474051924086593,0.10031100059815394
N2,0.004445491485867718,0.8538176776834109,0.10901977354025846,0.0010657904595097508,0.03165126683095334
N2,0.004660232419364408,0.8633431655206828,0.08814257020956368,0.001631608447365341,0.04222242340302389
N2,0.005253893914849464,0.8522734663870133,0.07623290625451432,0.002378379407206517,0.06386135403641638
N2,0.004224009993069209,0.7923593777181092,0.16443355399029835,0.002702776480861564,0.03628028181766164
N2,0.005060309242935786,0.6738219105782107,0.26822806648755365,0.0031343730022265074,0.0497553406890734
N2,0.006252643897099794,0.7774240684597958,0.1772390499338853,0.0022173644876396204,0.036866873221579305
N2,0.005748428414226363,0.7256163531455059,0.21205065748668508,0.005748937785460209,0.05083562316812254
N2,0.0065552290081979684,0.751644495861312,0.20125312084184724,0.0064161075001501295,0.03413104678849267
N2,0.0040743261673612035,0.6356149467425721,0.3276619979834088,0.004636740367442218,0.028011988739215846
N2,0.005385536390784945,0.7247616695574223,0.23273555153520478,0.008438861950924094,0.028678380565663904
N2,0.0034841540065856597,0.6563415444861663,0.2999999909300932,0.0042961970836106235,0.03587811349354424
N2,0.006339711866995015,0.8304409535867869,0.11786754310531355,0.011814781238427602,0.033537010202476826
N2,0.003351778166661,0.7179841739538022,0.24124521256770698,0.0036628673901798435,0.03375596792165001
N2,0.002408431282438085,0.7227213946750205,0.24156553042008294,0.002765571063217844,0.030539072559240744
N2,0.0032682453218092363,0.7053988845254373,0.2601249791637913,0.005169531201685537,0.02603835978727687
N3,0.0021229661926134525,0.4239863625873375,0.5593443226513833,0.0016521194736007375,0.012894229095065044
N2,0.0027335231190576577,0.5866203196551061,0.3828834756023989,0.0013482117578821396,0.026414469865555307
N3,0.0021727331539922456,0.4453643836354392,0.5413914790204488,0.0005971237413527594,0.010474280448767026
N2,0.0037392431129473626,0.596427002047934,0.3637800035742867,0.0030799303050603986,0.032973820959771534
N2,0.004514012358292971,0.7369324507173018,0.20958499193725488,0.0031106090011081703,0.04585793598604203
N2,0.0010747407984847352,0.48843678745006636,0.48518937788898747,0.0014390576180502573,0.023860036244411145
N2,0.002052173232134184,0.5225998576211038,0.45192602578232144,0.0021811413746376795,0.021240801989802882
N3,0.001857619991023218,0.42313595361956247,0.5521561277990078,0.001775048295551596,0.02107525029485493
N3,0.000787581495616051,0.38998640049907013,0.5917527404403778,0.0016061263073736396,0.015867151257562242
N3,0.0007384100862251493,0.3858896051539152,0.5975234303395474,0.0012090497959898697,0.01463950462432227
N3,0.0010518641868974966,0.38861336764923077,0.5932895777875441,0.0017348435458358004,0.01531034683049199
N3,0.001347666973208339,0.41197865433891767,0.5537849134786726,0.003554919830041205,0.029333845379160214
N3,0.018233556516443046,0.3392755748823494,0.4992344572276904,0.003043321847045892,0.1402130895264714
N3,0.002385146933517553,0.17227112170338585,0.7162279787721556,0.0024470313536053847,0.10666872123733569
N2,0.06449716222745491,0.7231744194490756,0.1242097240040943,0.008226395967055116,0.07989229835232009
W,0.19055139205222588,0.36286003870624073,0.02712450386534761,0.012482090242665677,0.40698197513352
N2,0.10214772742817113,0.7347733734435373,0.05742007171636937,0.019169497244736926,0.08648933016718524
W,0.15361581508202873,0.38542332228871484,0.005193166880445404,0.02699018898093676,0.4287775067678743
W,0.020422352130768522,0.3327092258800846,0.007574305837617933,0.00965831712809415,0.6296357990234349
N2,0.0752293539441972,0.6658220819942784,0.01377587349445112,0.04098916679500969,0.20418352377206367
N2,0.1443965118680231,0.5668741892197201,0.004915543606551699,0.14401972743879446,0.1397940278669107
N2,0.09126181541844236,0.7776134178656559,0.01780871944225591,0.055548228240704,0.05776781903294198
N2,0.03537196558692358,0.916988730394844,0.010323338197584526,0.014587466767556538,0.022728499053091378
N2,0.07256266113200255,0.8992564746466761,0.007880343832893648,0.00845012827836475,0.011850392110062814
W,0.04902041110230711,0.3605544262977914,0.0065488171206154674,0.013796468165830977,0.5700798773134551
N2,0.054220310772740664,0.7370547920834277,0.017755901849577056,0.010383057864837383,0.18058593742941725
N2,0.052762595533395254,0.8356826390085195,0.019624630004915426,0.006627798946826506,0.08530233650634346
N2,0.05793523140219277,0.82283292560909,0.031998208731463924,0.005501320916154051,0.08173231334109914
N2,0.06714685321427856,0.791697682894286,0.015833029084709547,0.007994435511903169,0.11732799929482285
N2,0.05141439136217583,0.8580130457414868,0.021169476585286076,0.006265870012697452,0.06313721629835382
N2,0.06662405948506253,0.8579714141294109,0.008286326153985826,0.021512356723186517,0.045605843508354345
N2,0.05299944892099942,0.8479166826832769,0.020554822198650707,0.036819315116050993,0.04170973108102195
N2,0.05601981119783068,0.8383315168600894,0.008711981308711364,0.028204250941254234,0.06873243969211446
N2,0.03757526219113835,0.8008759683839206,0.027141038713687615,0.05153630334046058,0.08287142737079269
N2,0.06780711754072985,0.7328300271799241,0.026390775738945972,0.09636352768254412,0.07660855185785587
N2,0.06759916636993937,0.6509377509727083,0.02262138693602148,0.04884301600714236,0.20999867971418854
N2,0.05432837627513007,0.642143042040127,0.03992617512902957,0.1294997894625783,0.13410261709313515
N2,0.041340177012827294,0.7755980028409358,0.04439677309624397,0.05121385318089625,0.08745119386909661
W,0.0652340009845281,0.33998245040517716,0.007352051417781972,0.08401202514915207,0.5034194720433608
W,0.01810905570938056,0.1590550317407646,0.014293578400239747,0.11663276357935122,0.6919095705702638
N2,0.0725811067384978,0.614056847016098,0.01343827976013089,0.030741140634989467,0.26918262585028385
N2,0.05932240280579334,0.7346323241645021,0.011810537377339649,0.01748591390669173,0.1767488217456733
N2,0.053746525078293764,0.8414780834997343,0.008302599467685851,0.004390603278810168,0.09208218867547588
N2,0.10975438216351373,0.5349269020666856,0.021658060843339356,0.016288787711524474,0.3173718672149369
N2,0.08579516405384771,0.8847930956392619,0.005281077178593998,0.00339654081116524,0.020734122317131176
N2,0.06597230957362596,0.8765541300552167,0.00237778798061352,0.011379235173860466,0.0437165372166835
N2,0.032971991820510575,0.9008888182181695,0.00456252464645557,0.01346065576146447,0.048116009553399834
N2,0.04881512300453071,0.9057484116983379,0.0015991050728806737,0.025965030211014532,0.017872330013236206
N2,0.05168264684496177,0.8287324483823909,0.0022939457772192698,0.050105315593852603,0.06718564340157535
N2,0.10368617011866377,0.7108747802035631,0.003335701411413759,0.05982474629117977,0.12227860197517952
N2,0.11550340125429226,0.6339663721917308,0.0024668261228345378,0.08467692163540734,0.16338647879573504
N2,0.12778022600505715,0.5997639548652596,0.0009404753761393922,0.15348334204776098,0.11803200170578292
N2,0.10063430237480629,0.613056348157111,0.002272774042273648,0.18952281925669068,0.09451375616911854
N2,0.1454631595741261,0.5145672483290354,0.0017938108388058994,0.16130104972687076,0.1768747315311618
N2,0.06668044183606969,0.7246483665937105,0.009260762067629703,0.06849606529856175,0.13091436420402847
N2,0.1098103615037686,0.6681555912839706,0.005719971797568771,0.09918116008182454,0.1171329153328673
N2,0.08388753475953838,0.7219830768357987,0.0028230821505487473,0.12372723364337611,0.06757907261073812
N2,0.11905593056423505,0.6870130347411106,0.003636678445664349,0.12066895778326338,0.06962539846572648
N2,0.2067708873483216,0.6068406358581127,0.0012106164874153306,0.07385896505560482,0.11131889525054561
N2,0.17150817481286693,0.5721638223028971,0.005937349028264969,0.08101502496828883,0.16937562888768223
N2,0.10052907611625339,0.5545320453927632,0.014707969752366167,0.1019062349021454,0.2283246738364718
N2,0.08455495622345138,0.7125082040779198,0.00555624377827822,0.08645989420214763,0.11092070171820306
N2,0.058613105415043526,0.7362080183087784,0.01464666597945846,0.06767031785370865,0.1228618924430109
N2,0.06928953895311123,0.7667014274942554,0.004960552540246965,0.10832358844306343,0.05072489256932291
N2,0.047291338687271874,0.8850589770445045,0.0034571433492768563,0.03888419104163288,0.02530834987731401
N2,0.1184000289727385,0.7480431328979498,0.003837142961044682,0.09207661957606292,0.03764307559220411
N2,0.17534962428532164,0.6611576103123766,0.0034684648037624703,0.08102685810779249,0.07899744249074671
N2,0.22801733299853055,0.4408525756667421,0.007345255732706517,0.15318705051437667,0.17059778508764412
N2,0.16118979175002074,0.5422446774738557,0.0174340864691921,0.13641261039965313,0.14271883390727833
N2,0.10827471318776999,0.711709645764309,0.006719125278567376,0.13644620739314686,0.03685030837620668
