Stage,N1,N2,N3,R,W
W,0.008757736611729731,0.005720530160746169,0.0009431498521972481,0.003893705060040401,0.9806848783152865
R,0.013205847094071963,0.03227138132204884,0.001316843769006374,0.6633035792315812,0.2899023485832915
W,0.00978072989713458,0.029360217404069657,0.0006631295971647902,0.04338752665978686,0.9168083964418441
W,0.02771837405167036,0.032100439218949714,0.010864230577584448,0.005972227154997206,0.9233447289967982
W,0.029337851160317858,0.07466211809019903,0.011868172537473978,0.00020022971375004798,0.883931628498259
W,0.0028401312165123793,0.030091891623143203,0.003795416555929411,0.0005607952374089561,0.9627117653670061
W,0.019751035949010228,0.004105141917453636,0.0025994654113259477,0.0014309740052678031,0.9721133827169425
W,0.004065032397647228,0.002511329465781585,0.0015255479191774307,0.15413980428664673,0.837758285930747
W,0.056540279898695735,0.10804055891847271,0.0038901002505988816,0.0017967439613874858,0.829732316970845
W,0.03848761601388452,0.06905070913969213,0.01742548587524274,0.0005429093033403031,0.8744932796678402
W,0.0299150827938557,0.13829577735384097,0.00961761231166355,0.0027323961646958344,0.8194391313759439
W,0.02547274137426074,0.11650640574668143,0.03542710210341022,0.003965794837291877,0.8186279559383557
N2,0.06960156014420894,0.5031297185270668,0.12442353771225338,0.007734114390458702,0.2951110692260122
W,0.0864328057765185,0.4319840738301917,0.014717247146077085,0.012929722185109823,0.4539361510621028
W,0.05317645491074329,0.19693724953566058,0.041951841139191606,0.02755592607539483,0.6803785283390097
W,0.03530801252059892,0.08160719562701446,0.015266073166266162,0.013590892219818785,0.8542278264663017
W,0.05112349932210182,0.1736192754927808,0.005789543383686774,0.005351419422000004,0.7641162623794305
W,0.003535966399114319,0.02614680576703598,0.0013377850046155557,0.0003931038825127531,0.9685863389467214
W,0.004024446526561958,0.013149876190921336,0.0010503102400738035,0.00028429693333658414,0.9814910701091062
W,0.011749891300424562,0.04581828381809311,0.004149863263770304,0.0032708383993982014,0.9350111232183138
W,0.005152458192155369,0.026077105742265808,0.0013653998838594815,0.0009202166631329696,0.9664848195185864
N2,0.07184661826639475,0.6749177289472988,0.023830838662312184,0.007531395621249065,0.2218734185027452
N1,0.44063183980723925,0.12454453077330051,0.006350694061309565,0.047486291226147496,0.38098664413200317
N2,0.11881880940035999,0.4618198308523149,0.005198358536923913,0.05475925615522808,0.35940374505517303
N2,0.1571637327776599,0.49276924586113524,0.013781333326818666,0.0735310587769038,0.2627546292574823
N2,0.052780201344639566,0.5567714767624172,0.007102528963690552,0.06836887589096796,0.3149769170382847
W,0.04316253964454242,0.22309886026423173,0.007894963989423883,0.05100284164316042,0.6748407944586416
N2,0.030151984191919775,0.6061498901849526,0.01144615283953578,0.04005889135372185,0.31219308142986985
W,0.03708799215864332,0.21519745078778035,0.012356036463252396,0.05391688788652829,0.6814416327037957
W,0.056573988266959016,0.19633645599772076,0.016132857678210846,0.08981205518076756,0.6411446428763419
W,0.1788904036693173,0.3147628123841191,0.04948282127248642,0.11507857542317912,0.3417853872508981
N2,0.1474901278918786,0.6950571383546157,0.03434212341483398,0.05252066950828725,0.07058994083038456
N2,0.3964186543015284,0.4192321342439994,0.011170335437435298,0.13235575211101475,0.04082312390602217
N1,0.47649626775485,0.2900031817599673,0.02205319104912733,0.1491033825914221,0.06234397684463336
W,0.051596680856818566,0.31544469774772405,0.1412218840128544,0.06716904832639124,0.42456768905621156
N2,0.12916170268791677,0.7696953458810923,0.03436824952218767,0.038862376598033585,0.027912325310769693
N2,0.41462732423055526,0.4701321482290235,0.03115441997361066,0.06708004397065133,0.017006063596159193
N2,0.13430265184713366,0.7963296467890624,0.034619203883636526,0.017618503783817723,0.01712999369634961
N2,0.03106195764238212,0.8573879012777116,0.06983154784885628,0.027714663693340736,0.014003929537709198
N2,0.02108081851093836,0.8757099335560917,0.07458766504011463,0.00745853987417933,0.021163043018675807
N2,0.07352473989460172,0.8223189011494236,0.0657389395507734,0.01391451730163393,0.024502902103567224
N3,0.028562599330467512,0.16618421213600623,0.41032670614592576,0.01045694783712589,0.38446953455047456
N2,0.045126628178906496,0.8307052805956332,0.10911754284649328,0.002395198451952994,0.012655349927013962
N2,0.0543257766564385,0.8406283824175018,0.08699699018857207,0.0022699502366977454,0.015778900500789814
N2,0.06854721691735297,0.8673145481296342,0.031602619735755635,0.003903442909221716,0.028632172308035518
N2,0.0593107388129896,0.8711882686704508,0.04238064379635359,0.0066347887358009765,0.020485559984404877
N2,0.03058041012570628,0.8819377388377426,0.07375355563214292,0.007125074133518369,0.006603221270889977
N2,0.29468830379331673,0.6379938955400963,0.03331134051424242,0.01727138723659347,0.016735072915751215
N2,0.18609615870663068,0.7343944404648479,0.04295380956633524,0.027331624329962268,0.009223966932224109
N2,0.15541248501972524,0.7294156385431224,0.08818993237493238,0.01670810259404516,0.010273841468174748
N2,0.042236820129966234,0.8033172340350543,0.11915861074887603,0.01160362039877166,0.023683714687331787
N2,0.02914605490501725,0.8212214851367958,0.1283288049780118,0.006779610261163895,0.014524044719011274
N2,0.008268381096351807,0.5978250382468571,0.377692798100406,0.0076022603703634235,0.00861152218602166
N2,0.016544707524496653,0.651452401971545,0.31885336664803815,0.0041854938641751206,0.008964029991745032
N2,0.011363254389805079,0.6975119165766213,0.27730068316931816,0.003813345290955584,0.010010800573299814
N2,0.01686876591147772,0.7349087154416446,0.08911650645838771,0.005391795714720115,0.1537142164737699
N2,0.04155251837227601,0.8910203610283368,0.03887098446225491,0.015860037373617016,0.012696098763515093
N2,0.13402491492980828,0.6105425058188944,0.10533946723726464,0.035244136493566836,0.1148489755204659
N2,0.014284202336338434,0.6498020209151962,0.31825406852800137,0.011462563572381486,0.006197144648082517
N2,0.021839073933557787,0.554087880867212,0.3806148680680663,0.02311712797856793,0.02034104915259582
N2,0.03698168609181464,0.6377776871072333,0.29097906099597654,0.015290953715191595,0.018970612089783904
N2,0.004957328132855931,0.8284354524119595,0.15392000129546365,0.0022181254788701454,0.010469092680850757
N2,0.0030855095875858495,0.6012630318089986,0.37592440017729434,0.002768199228483772,0.016958859197637503
N2,0.0038090262443849616,0.4311931868134811,0.42284343826074783,0.003524476128084596,0.13862987255330142
N2,0.005320644029120089,0.7666666967533263,0.21094518719015007,0.007246034309630649,0.00982143771777291
N3,0.0019914475635026204,0.356495499800377,0.5025770450090317,0.007531666427728724,0.13140434119936
N2,0.006487701242594501,0.5020620751896645,0.2716119077933215,0.007718205939428995,0.2121201098349905
N3,0.0022839766169653456,0.4231327988459332,0.4769480278418649,0.00655499454747576,0.09108020214776094
N2,0.0030993931100983404,0.527645750177846,0.2116558997778755,0.011559707346113723,0.24603924958806658
N3,0.0017040628865058489,0.2259651495778491,0.660620190845296,0.005146194598413554,0.10656440209193552
N3,0.001033990607744097,0.20234445098910586,0.6798015110340822,0.0034694804769678433,0.11335056689210005
N3,0.0016364609824165758,0.38490650632713413,0.6061486944740867,0.0036143535081663643,0.0036939847081961046
N3,0.0005943776007934532,0.15411931830794096,0.8376415718057978,0.0010217365213092179,0.006622995764158754
N3,0.0015579921390382345,0.21421897829064393,0.773270324695551,0.0019556443573146435,0.008997060517452183
N3,0.0010084901027480962,0.20435561066980854,0.7813514729200357,0.002027778015223499,0.011256648292184276
N3,0.001084486950444933,0.17176823866753102,0.8209650544079693,0.00044162661184976863,0.005740593362205048
N3,0.000524326524075674,0.12300476888502579,0.871908207587723,0.00023274390411633686,0.0043299530990590805
N3,0.0022665191256761364,0.3228883028466065,0.6459235786790495,0.0009874449865718293,0.027934154362096113
N3,0.0012720449918258937,0.14668513190048293,0.8439176337744337,0.00044118667966704626,0.0076840026535901825
N3,0.0007666617101752502,0.12114130975220361,0.8722761213967325,0.00036688295938822475,0.005449024181500611
N3,0.00047296148092078555,0.07489678814380525,0.9208771571826881,0.00023134842449224865,0.003521744768093487
N3,0.000323081737495503,0.062272257977282516,0.9342836256984485,0.00012822443006375164,0.0029928101567096325
N3,0.00029742941398910714,0.08024874421512608,0.9164859706479378,0.00011860919970980707,0.002849246523237318
N3,0.000611201230024958,0.11041385734183617,0.8841954143197545,0.0002444659420519328,0.004535061166332343
N3,0.0005712379780625741,0.08861230745297183,0.9080868490749977,0.00014015326445170157,0.002589452229516159
N3,0.0015355710063221176,0.1385478646998578,0.852691335165759,0.0006621310728535055,0.00656309805520763
N3,0.0003080110050540694,0.05701205069521147,0.9410930820768127,0.0001275494985649355,0.0014593067243566904
N3,0.00021374702931331612,0.05771721717525667,0.9406107926619377,0.0001126603854098601,0.0013455827480826892
N3,0.00022506745173657032,0.047397000706150536,0.9489646974473946,0.00153609598777412,0.0018771384069440613
N3,0.00013436236567974995,0.03910496725329572,0.9587726621223744,0.0008115235604777045,0.0011764846981723689
N3,0.0003539606454725144,0.06568349759922952,0.9263619452016741,0.004076495739183501,0.0035241008144403533
N3,0.00028468211075212646,0.04235301521263783,0.9530902970478043,0.0023186388944322826,0.00195336673437355
N3,0.00021273465704875117,0.04743860321431145,0.9504723500894008,0.00011100060778412017,0.0017653114314548832
N3,0.00014743950655877287,0.03824359859335546,0.9600345981269288,6.30127816143209e-05,0.001511350991542692
N3,0.00027853307064792525,0.04916470016068863,0.9485855199143043,6.990180869429182e-05,0.0019013450456649252
N3,0.0005497163465922456,0.09010602814867193,0.9059667349992127,0.00018100824748206473,0.003196512258041102
N3,0.00027218297251788815,0.04684012699838685,0.9490116584673902,0.0012975427764342386,0.00257848878527084
N3,0.00021055565683718563,0.03195458315270483,0.96398230620011,0.0020766709224174567,0.0017758840679304258
W,0.027269006095685968,0.1260906637821204,0.006939930153486677,0.09902590047595795,0.740674499492749
N2,0.23730575280257246,0.3596391622615254,0.15299798975065737,0.007832962460372307,0.2422241327248724
W,0.006634882757165612,0.026597718055758134,0.012316433885901411,0.13354166180110247,0.8209093035000724
W,0.0046650731459888,0.032038092365805224,0.05472071107837951,0.12030638051738571,0.7882697428924408
N2,0.025790301910567793,0.5409378438425827,0.12448111438852628,0.013301222339463957,0.2954895175188592
N2,0.03394029584582879,0.564056500304174,0.029611579742160467,0.013198414644370098,0.3591932094634668
N2,0.045287349491454035,0.7463838605551136,0.031696237556709236,0.012445823128727747,0.16418672926799546
N2,0.025322516208498402,0.842660372344099,0.057690628025217065,0.015872540331597306,0.05845394309058829
N2,0.008071689392350204,0.7944818627970751,0.14599393869266242,0.005886148969958551,0.04556636014795359
N2,0.014438310972453124,0.7505259779482228,0.1787681274306447,0.006848839165242422,0.049418744483436826
N2,0.0045365393606347365,0.6989064206631103,0.26057458946732975,0.008061367042213741,0.027921083466711617
N2,0.0162960098730868,0.8858315013742979,0.035862510855143234,0.024099075380144216,0.03791090251732788
N2,0.0056516950169566045,0.7144704156307209,0.22173932817660102,0.013476361568369066,0.04466219960735251
N2,0.010421263067967612,0.6916805103812323,0.2607907644250125,0.012565317118530766,0.024542145007256804
N2,0.004839120547581913,0.5810815712854669,0.36469749111796224,0.0028349622553893094,0.04654685479359986
N2,0.00608629424432647,0.640177663616824,0.2809323798956165,0.04731123196678299,0.025492430276450217
N2,0.004177930190006509,0.6353769235361523,0.31735675550843373,0.0044856299293501364,0.03860276083605724
N2,0.002448464102667583,0.5003039460481202,0.47988623300407207,0.0014827666767617655,0.01587859016837832
N3,0.002357567848453568,0.4069487858141501,0.5719663606800898,0.006839802234057216,0.011887483423249494
N3,0.0015017282243507094,0.24970806273647211,0.730810314609333,0.0069997493800269045,0.010980145049817258
N3,0.0014424003461465846,0.22907217872813682,0.7616620165847371,0.00036128631795549646,0.0074621180230240135
N3,0.00038376380380803713,0.12185226551343399,0.8690798990104757,0.00024932567830410256,0.008434745993978195
N3,0.0003800343781071461,0.12310819189288168,0.8658189385844846,0.0026809939215181795,0.008011841223008657
N3,0.0006419309778044432,0.15247342986371043,0.8295564716677947,0.008559590658635811,0.008768576832054498
N3,0.00045637927451815786,0.10610158929500811,0.8752734021493684,0.0121421010610466,0.00602652822005892
N3,0.001137070549433543,0.31689483882979275,0.6597302287298366,0.0021185136496377015,0.020119348241299462
N3,0.00043537874744073034,0.09021939218840291,0.8913572256027403,0.012297242564936448,0.005690760896479711
N3,0.0005759158142134812,0.1873084897004609,0.8049328749314807,0.0009783318130097295,0.006204387740834976
N3,0.001021478430401713,0.22340999417723856,0.7703674330269693,0.0009563555846484952,0.004244738780741889
N3,0.0003244176980822751,0.08382537011630734,0.913398139348027,0.0003763791626007779,0.0020756936749824336
N3,0.0021993760877865474,0.26956333983456443,0.7205776721393801,0.0022525450810067403,0.005407066857262145
N3,0.0013472664727029993,0.23808772577663442,0.71634022496007,0.035185052327988554,0.009039730462604013
N3,0.0005356440468542309,0.1038705394325203,0.8911920391819056,0.0008439399324249792,0.003557837406294714
N3,0.013683282251493413,0.25869162869670953,0.4175337420530175,0.06432449136951368,0.24576685562926587
N2,0.03922580726551521,0.40666849128330473,0.18740575169158044,0.2875268650552184,0.0791730847043811
N2,0.06142914754450483,0.42860285272019777,0.16312943310501046,0.2864874473347596,0.060351119295527424
N2,0.02915916916398282,0.47308203659427983,0.35291401702034947,0.023755613295138586,0.12108916392624929
N2,0.011990516542969737,0.4152895679261127,0.20314713201849677,0.2977551115277354,0.07181767198468532
N3,0.006011270804108761,0.22759634432170703,0.5298246334135712,0.16404442854345785,0.07252332291715512
N2,0.009747086739337284,0.47519466469765914,0.2316039705999983,0.23352762195418558,0.04992665600881961
N3,0.005409278693660838,0.38797488153951104,0.4057520348641514,0.1432740449878634,0.05758975991481335
N3,0.004367389563953359,0.40201299164437576,0.45397766127325917,0.1122353994162588,0.02740655810215288
N3,0.0025992583071694415,0.2691912103590467,0.6620103176423554,0.04950350267547437,0.016695711015954164
W,0.009249758838857496,0.09520936900500816,0.12964783677533365,0.055186170593024435,0.7107068647877763
W,0.013040011102349815,0.09611144608618487,0.10434216797609844,0.09376996597437266,0.6927364088609943
N2,0.02611393976912735,0.5486263116735559,0.2682308991282332,0.008067837303056566,0.148961012126027
N2,0.03639292038789653,0.4181125253016643,0.25414538396512104,0.016271212009298795,0.27507795833601933
N2,0.03893361707145904,0.44569522253103927,0.20258634760429245,0.15012407165504554,0.16266074113816362
N2,0.02852430001345184,0.3755904842331068,0.19195951600357816,0.1523925338768187,0.2515331658730444
W,0.013545143391365703,0.24364167738384732,0.19601246609189377,0.11245014963375763,0.4343505634991356
W,0.017020083052923164,0.10642566622184926,0.05690640040747027,0.09183640997130306,0.7278114403464543
W,0.04165459713404644,0.3454772131437934,0.21754069203910908,0.03869887905104444,0.3566286186320067
W,0.026548967340756287,0.0544102003719668,0.019489745098824052,0.0082295575131756,0.8913215296752772
W,0.06370713016171879,0.3976699277482866,0.10010723564640855,0.03527763233328253,0.4032380741103035
W,0.04087567176006261,0.19905092916909556,0.006318961627217532,0.013185778904810621,0.7405686585388136
W,0.01609436943747812,0.06844340183504986,0.001120233123156503,0.15354407969964004,0.7607979159046755
N2,0.17597161995832672,0.6520755496011128,0.007229418439316462,0.03465986538941408,0.13006354661182995
W,0.1366813764105832,0.2798907940979037,0.003576387007368102,0.04060890213443523,0.5392425403497098
W,0.08924092763861043,0.28401353887018727,0.014122842165973135,0.01672966329302342,0.5958930280322058
N2,0.10406655923165957,0.6584912977830921,0.00804942998528949,0.03889157816742651,0.19050113483253245
N2,0.0842684348661581,0.7477583668230868,0.018233063282300153,0.03439325127658185,0.11534688375187292
N2,0.04340661726644497,0.7345073027632711,0.00869158717203646,0.03479044605114738,0.1786040467470999
W,0.05416561947379455,0.34981055784534737,0.015420550010130079,0.0392619285294223,0.5413413441413057
N2,0.06119811810020008,0.48829697248657045,0.011800610900525949,0.05968311826237222,0.37902118025033127
W,0.014735910758991241,0.061260324457097885,0.005429056918364975,0.023982896228086702,0.8945918116374593
N2,0.02379697709255113,0.6789435559914857,0.034172401638243956,0.006809894080983986,0.2562771711967351
W,0.03713897971813304,0.3436582665763327,0.002379446344183187,0.02099580458907238,0.5958275027722787
W,0.036138405917942866,0.21944240888223074,0.005765005901876118,0.025451200625559386,0.7132029786723909
W,0.04072918631671938,0.20137888491854788,0.0019096294973643196,0.022488959848958434,0.7334933394184099
W,0.07452590371551643,0.2425075785419434,0.0293910220051565,0.038302756771362106,0.6152727389660216
N2,0.05637973569857941,0.4879140004874375,0.00934440386595291,0.0219605017484739,0.42440135819955643
W,0.07978285552543542,0.3242287194907708,0.02439446749480329,0.08841517669773818,0.48317878079125237
N2,0.052689748847859236,0.5125770871758565,0.025493495904399737,0.048488009143202775,0.3607516589286819
W,0.08091005936680899,0.40330337645017084,0.012307892986079426,0.05534934668213832,0.4481293245148024
W,0.0551964942327061,0.41389558034624024,0.0008435289800582005,0.03464226922221441,0.4954221272187809
W,0.016717544309401554,0.11010160236196394,0.009795585918884709,0.03316086957913223,0.8302243978306176
W,0.09988088259928038,0.08937603288131472,0.0014584576074306494,0.052776982337177494,0.7565076445747967
W,0.011798024274791711,0.06320483074917774,0.00019206024995577586,0.029216613666831315,0.8955884710592434
W,0.0005706341346532613,0.0003502693930995624,7.00470593706656e-05,0.005971177168288484,0.993037872244588
W,0.04768754976696965,0.01101848003256347,0.0002695582870304975,0.008298305762754855,0.9327261061506816
W,0.007713021690511207,0.005989269168579967,6.000786025614031e-05,0.0033245628080148452,0.982913138472638
W,0.14109837035052417,0.007952897147693934,0.00021709224069451643,0.012268910578460029,0.8384627296826273
W,0.21437919078820372,0.03891162430326452,0.00031763754555472694,0.05801363649878772,0.6883779108641892
W,0.0683426148934345,0.0685977187451999,0.0001564931087501097,0.017655808786023842,0.8452473644665915
W,0.052116199717561644,0.31918739009672237,0.000548089341410253,0.028234950862524078,0.5999133699817817
N2,0.08564574235036841,0.47864705829658033,0.000521585113735836,0.04657905770490294,0.38860655653441256
W,0.0923924394174795,0.13650278854062603,0.0002915668684047276,0.05349388899996485,0.7173193161735248
W,0.1612719845217515,0.19889322528449283,0.0010426453106343807,0.07089617737375882,0.5678959675093623
W,0.1334853562617916,0.13577288517275152,0.0016743375151471172,0.07821043668723705,0.6508569843630727
W,0.10954234557710091,0.2781180952368763,0.0005864351512132766,0.04601296275174877,0.5657401612830607
W,0.051118243166463254,0.1913932770358392,0.0015514332061423916,0.022525553878004582,0.7334114927135506
W,0.023189087630076485,0.1351092939879651,0.0019269107139211392,0.025277462232124927,0.8144972454359123
W,0.015178447733475278,0.024112022746161945,0.0001803414931662282,0.028977053954225673,0.9315521340729708
W,0.030776635328185115,0.06367839374343368,0.0004983221712874749,0.1213272365121259,0.7837194122449678
W,0.019343240851997377,0.07682948712438653,0.0006167912439058203,0.08964411009344765,0.8135663706862627
W,0.3227168916359973,0.031607392490388075,0.0004387932820730153,0.0832306932034181,0.5620062293881235
W,0.0987604586672938,0.08658476519223769,0.00037654972650356857,0.09343985571035547,0.7208383707036095
W,0.1389459429888463,0.04767606252282045,0.00040682309609350355,0.08543899999273775,0.727532171399502
W,0.15564651442181865,0.04934242706737743,0.0004222959641789228,0.08346838288020035,0.7111203796664247
N2,0.031172367890149263,0.5614289295152388,0.00044430288394234704,0.04234324937227189,0.36461115033839764
W,0.11818053777979112,0.20870020256239183,0.003980651643094827,0.09315400574649564,0.5759846022682265
W,0.021769094329509256,0.08979193018383748,0.007755054730785102,0.0862670759883262,0.7944168447675419
W,0.048891612210337394,0.06505888094241248,0.0041935847966430816,0.10747062168727066,0.7743853003633364
N2,0.07711529279988757,0.4153275547069998,0.006525579226403971,0.18812885489618233,0.3129027183705262
N2,0.2465932314676736,0.2883749320134822,0.009842163507008592,0.28035152625915827,0.1748381467526773
N2,0.08834753406822028,0.7998481017164194,0.003480939428181147,0.06282553233807443,0.04549789244910495
N2,0.2394721455700475,0.5347068501246584,0.0012274780261926843,0.08461686047116528,0.13997666580793622
N2,0.0343415788940913,0.7012057495486498,0.0015628051911756302,0.025104495281258084,0.2377853710848252
N2,0.05877160195310911,0.8509440229431549,0.0017361683214821395,0.03980121155818426,0.048746995224069646
N2,0.0688163388114069,0.8149948629577078,0.002942836737822008,0.053015410514304875,0.060230550978758346
W,0.033483976716010104,0.419056668049463,0.000435447973612142,0.06502480912050292,0.48199909814041175
W,0.060883615422568545,0.23153004625482432,0.00020609611303388877,0.1340697850968687,0.5733104571127046
N2,0.1673649234562172,0.35691142958545574,0.0005067364738792637,0.2844200008158208,0.19079690966862692
N2,0.18487979076282943,0.3431556517036624,0.0008376388834910129,0.24784557180466685,0.22328134684535023
N2,0.14510373577296842,0.4101490306171859,0.00099769321663322,0.3175792281921262,0.12617031220108632
W,0.07070143677608011,0.37902984729823636,0.0018544296095447793,0.12094562376814581,0.42746866254799304
N2,0.03244952856961123,0.6960927094958281,0.000988627124842036,0.08354896753063237,0.18692016727908636
N2,0.16286765752594282,0.5099872906115671,0.001103474587745546,0.2099422727695442,0.11609930450520034
N2,0.11981554073666746,0.3709975441745355,0.0019171882919502884,0.20919214193252425,0.2980775848643225
W,0.0013860454656206887,0.0021810837697680938,0.00025318749020626977,0.14161992001222154,0.8545597632621834
W,0.12018898037651878,0.035767055214749245,4.042309155705351e-05,0.02934594402805472,0.8146575972891202
W,0.26283088974818736,0.2557157224460304,0.0008279135593150498,0.029365626212490153,0.4512598480339772
N2,0.26491294716462904,0.45622022096423037,0.0003433850267295619,0.024104367859796142,0.254419078984615
N2,0.17034440871267653,0.6810413468556259,0.0016545754636370143,0.05013498574547091,0.09682468322258958
N2,0.14629466507831407,0.7515464172409126,0.0014924074089420528,0.043575763958484816,0.05709074631334633
N2,0.07410953826009183,0.8183575015818376,0.003111155045662979,0.0367182565601818,0.06770354855222584
N2,0.07348688722375107,0.6514236276017362,0.0016599390972842892,0.1956517524604975,0.07777779361673079
W,0.03804681583723474,0.22443827200061636,0.0029471460390240248,0.10353878303464693,0.631028983088478
W,0.020332924403761908,0.09952376346710529,0.004979489235113767,0.06756502468436729,0.8075987982096517
N2,0.05383335150112337,0.8219448806415712,0.02244423924458896,0.008309320851923348,0.093468207760793
W,0.04454610163647346,0.24730572912540863,0.015572358919341948,0.045449068520190795,0.6471267417985852
N2,0.4248923862359013,0.4805046194943116,0.002379405807943974,0.01596721979210612,0.07625636866973688
N2,0.24590675664432174,0.6935899109285614,0.0017183029112671654,0.014179282428881744,0.04460574708696786
N2,0.06243679162574759,0.8961480313423523,0.007994959915503764,0.00902196684420075,0.024398250272195474
N2,0.1952413176538413,0.7640525107764521,0.0033797263989067006,0.012746964855992901,0.02457948031480693
N2,0.11504620951375608,0.8360852906829926,0.0028443738952762436,0.027323337438377195,0.018700788469597742
N2,0.03388128338927059,0.9081934197698838,0.00464079658965629,0.02616177976647842,0.02712272048471086
N2,0.027177224732225662,0.8808135444408111,0.0061644787349695,0.03979613455616964,0.046048617535824087
N2,0.04435114712136456,0.8464173594906472,0.011533451423535344,0.04895859293318526,0.048739449031267715
N2,0.018701964605956602,0.9060449024152932,0.017121147394912207,0.032446803470376526,0.02568518211346127
N2,0.01868871527642176,0.8841736252142437,0.0357463610463835,0.024803361756253802,0.036587936706697376
N2,0.005420473076884608,0.944887837172599,0.03309642878441786,0.004236028760195298,0.012359232205903186
N2,0.006197314071010756,0.9368524995555528,0.03826032361567047,0.0066704148420139095,0.012019447915751984
N2,0.004366842326833151,0.9372959346296842,0.04374312228727997,0.004159249179616084,0.01043485157658662
N2,0.008075911387729213,0.8999951043626595,0.053116354122167156,0.004383671984840449,0.034428958142603834
N2,0.007050906654034409,0.9587078664709751,0.006081406032043251,0.006851190280364972,0.021308630562582122
N2,0.0048458472045972536,0.9255944175187472,0.02338510417169527,0.007027559925808958,0.03914707117915152
N2,0.012348248799189773,0.5760180312344889,0.08050239073483875,0.018523491297955795,0.3126078379335268
N2,0.01753847160395487,0.8984233894843269,0.057088404552074264,0.0032490170030186703,0.023700717356625323
N2,0.02205630488868257,0.898887145243563,0.03989482533680546,0.005240234560984451,0.03392148996996463
N2,0.06584957241569094,0.544852928444546,0.04342788421337198,0.08713454205318501,0.25873507287320596
N2,0.026646297129415665,0.914159491552246,0.04306288419057228,0.0017081688232415395,0.014423158304524827
N2,0.011626726335043499,0.9401641237412541,0.03930434851641939,0.002026053493373403,0.006878747913909738
N2,0.0134139364756412,0.9577684340992386,0.015592984611763939,0.0047766577066865636,0.008447987106669542
N2,0.00635255538144481,0.6999074457097209,0.22877099378121937,0.03610103455819046,0.028867970569424427
N2,0.10079089782405347,0.4545040191127214,0.04660817831550049,0.005466292419952187,0.3926306123277725
W,0.018828068832257464,0.3009319811641569,0.01318901708958761,0.03710152130217545,0.6299494116118226
N2,0.17418348963392372,0.4264421068468765,0.005960547109684405,0.007992658597046972,0.3854211978124685
N2,0.11511712448405209,0.8206002893188716,0.007287086344331813,0.01476538675747523,0.04223011309526919
N2,0.07540001197154975,0.8439455062196125,0.007860045619664914,0.013742954000258859,0.05905148218891378
N2,0.04428356699680241,0.8790223254630849,0.002025087577587775,0.01262654526678461,0.06204247469574035
N2,0.024920918979549466,0.7984101238957415,0.008247701666559767,0.004385117676100437,0.1640361377820489
N2,0.03535852567383597,0.6097769056440552,0.13247241325992878,0.014937718185487994,0.20745443723669205
N2,0.025573924264577434,0.9293256740142247,0.01798473616719048,0.009808966411865672,0.01730669914214167
N2,0.013252537347199828,0.9114371117412632,0.03871643223506169,0.016764628999702106,0.01982928967677311
N2,0.01848102522778372,0.9152370107181709,0.024745638547092344,0.010825929733377312,0.030710395773575525
N2,0.009106757711083225,0.9594337633948116,0.014165591997607918,0.006148813229754818,0.01114507366674243
N2,0.009540493016250592,0.9602182742166093,0.009013873666485223,0.008468447212885075,0.012758911887769717
N2,0.0051857807984843326,0.9590237365607379,0.023126994207773203,0.004367871323036437,0.008295617109968362
N2,0.0027461829795117753,0.8554432159536968,0.12224723584922263,0.009297017335607503,0.01026634788196131
N2,0.006324450549892908,0.9292346161681274,0.03687613979793167,0.008496522302848596,0.019068271181199567
N2,0.003430864094289356,0.9156985982968592,0.04404674474372139,0.011129406425559643,0.02569438643957039
N2,0.008900460100523795,0.9509885166596928,0.005418961257092882,0.017757886344313915,0.01693417563837678
N2,0.004534292221590042,0.922627704718226,0.03156892733966668,0.013055118227928835,0.028213957492588433
N2,0.00219215744951055,0.9093785527359628,0.06279366895945278,0.004082662659073453,0.021552958196000286
N2,0.0023234381094374974,0.8949019066122682,0.08801032556367533,0.0022095301407110603,0.012554799573907972
N2,0.0013072757007515092,0.5740561987983532,0.41000875043692375,0.0016255189819576019,0.013002256082013854
N2,0.0019496350600379853,0.6808374661443863,0.29944409261385074,0.0014634227037241827,0.016305383478000774
N2,0.0022237833122325155,0.7566237061458564,0.20467519334578635,0.006546493609005519,0.02993082358711919
N2,0.001522209477325173,0.6036631847641866,0.37895233484650054,0.002797799823619073,0.013064471088368525
N3,0.0005060706387961474,0.4390295104627073,0.5424621651225527,0.0011031414347112832,0.01689911234123246
N3,0.0003675125392802712,0.2668340173470875,0.7253014531596387,0.00042974604706961226,0.007067270906924017
N2,1.0244534284721359e-134,0.5567347827425521,0.4340526425828976,0.001350270764621683,0.007862303909928698
N3,0.0002436350725290334,0.16377878429708662,0.833171961183846,0.00041471692724700713,0.002390902519291245
N3,4.758824571271981e-05,0.1312037872116739,0.8659852448160417,0.0002184449990716884,0.0025449347275000975
N3,0.0002825893967534003,0.1577705821135932,0.8389658488865969,0.00024319409552182015,0.0027377855075347173
N3,0.00020304013814245218,0.055668653636353406,0.941128658287964,0.0013931474700082734,0.0016065004675317781
N3,0.00015543555215465847,0.06271565245488621,0.9339131625080107,0.0012215020024967064,0.0019942474824517493
N3,0.00022959429273851242,0.033144261649705,0.9656764271566863,3.4247566810131565e-05,0.000915469334060042
N3,0.00019930163563911682,0.049926634779817756,0.9478749949467725,0.0006415166940150793,0.0013575519437554534
N3,6.396515988481215e-05,0.030342837145813966,0.9666640126152815,0.0011955274451450656,0.001733657633874937
N3,0.0001504686001050867,0.05660678727467827,0.9391977580591429,0.0017983695870389177,0.0022466164790349804
N3,4.9455369274025305e-05,0.03404298068544928,0.9618061161461408,0.0009433050954889415,0.0031581427036468097
N3,5.5168883529244854e-05,0.016495199626949373,0.981476604740073,0.00034314959365865387,0.001629877155789817
N3,6.959557736877483e-05,0.04439858516864638,0.9524814335555368,0.0004866917097367723,0.0025636939887112484
N3,1.2322867839158392e-05,0.03288049484704297,0.963143000629228,0.0010333846675950192,0.002930796988294921
N3,7.660208698061277e-05,0.034948108553568585,0.9622307942240487,0.0010426570208121237,0.0017018381145900373
N3,5.439839365844199e-05,0.025068066646965464,0.9719238206356525,0.0003663482982423654,0.0025873660254811096
N3,4.1336453087987897e-05,0.019763845256168876,0.9781632954725697,0.00040530308783491055,0.0016262197303386005
N3,0.00020868424176756996,0.03883135633191908,0.9574714811198902,0.0008846884156679072,0.002603789890755216
N3,0.00025292441750796913,0.045330088258246054,0.950417182350821,0.0007617730396675403,0.0032380319337575163
N3,0.00015813424453350953,0.022008316626564484,0.9764680057643098,0.00038780145166307576,0.0009777419129290653
N3,0.0002488533781403188,0.05166949341741652,0.9462924301572563,8.454255371492189e-05,0.0017046804934719851
N3,0.0001736561275917377,0.039700464926672084,0.9571145361952255,0.0010081499342041184,0.0020031928163065766
N3,0.00015253665427275806,0.03808093329969313,0.960188700344249,5.862061575419793e-05,0.0015192090860311489
N3,0.00010797003292592065,0.03100601617178293,0.9675642735386786,0.00026378255921392696,0.001057957697398525
N3,0.00023389877906756989,0.04180010283052943,0.9556448480618761,0.0007524231865612834,0.0015687271419656975
N3,0.00012182314797669305,0.026284739703785004,0.9721994991611518,0.0004752567553979647,0.0009186812316883356
N3,0.00043804178530217384,0.05365439183329305,0.9438700332667687,8.670562162642247e-05,0.0019508274930097325
N3,0.00021473808985915293,0.03075475165168883,0.965932648870916,0.0008987594598449364,0.0021991019276909646
N3,0.0002615650802208417,0.03074736362893838,0.9657262570949677,0.0008469785108876883,0.002417835684985587
W,0.01008887824472948,0.07769404292588224,0.3230642205856752,0.1644950836094427,0.42465777463427035
N3,0.02589253626788796,0.23153861261826064,0.6452416031806771,0.025261827150165825,0.0720654207830084
N3,0.0205198017494347,0.3172948899139633,0.5057466359647868,0.002832646600513373,0.1536060257713019
W,0.031075396067918523,0.1971521587049458,0.21855068721641652,0.07813120907172583,0.47509054893899333
W,0.015162695008449825,0.30187580894286437,0.30704673162899765,0.06143645136088364,0.3144783130588045
N2,0.10609783399257186,0.8157814732687445,0.007316539647743135,0.034702904957751836,0.03610124813318872
N2,0.09533984214524552,0.8185588836155455,0.0361786592727382,0.013126702785729949,0.036795912180740825
N2,0.3172082038882051,0.6204265918273839,0.017362726496212733,0.014205982933600125,0.030796494854598268
N2,0.24400062075872558,0.6804643296081215,0.009331132137065394,0.019760190901345353,0.04644372659474206
N2,0.16547517574277304,0.7297996106139841,0.006557419230810539,0.021384888957061823,0.07678290545537046
N2,0.08513734751178548,0.7989088842139626,0.01137932635674461,0.03742042193335052,0.0671540199841569
N2,0.06696354935852299,0.7547454241094909,0.024227263702779212,0.05685705017875588,0.0972067126504512
N2,0.1290601474945803,0.5323278411164191,0.017323394975587082,0.15561663857994584,0.16567197783346765
N2,0.05610810820012834,0.7152291222230627,0.058183630245237705,0.061329827953407495,0.10914931137816364
N2,0.036358183364900286,0.6043732677585885,0.047297318490701484,0.0479626148414433,0.26400861554436633
N2,0.07390960809953702,0.7607859305613319,0.016347325857222227,0.04848974559188866,0.10046738989001999
N2,0.04984458351717851,0.7153990418197547,0.08945865136469948,0.059401568680741625,0.08589615461762587
N2,0.13121688628009207,0.49501428096031325,0.03280240973782924,0.08224929659248272,0.25871712642928274
N2,0.10153746410345643,0.5913441164782836,0.11209119929349272,0.056542702432721775,0.13848451769204537
N2,0.07185787857417232,0.6288042964299492,0.15075434371315818,0.04638438791174184,0.10219909337097852
N2,0.03639366190487437,0.6734933502764183,0.20070426914739375,0.024866349290952192,0.06454236938036148
N2,0.019892082967087613,0.6814471732473405,0.21705818344978772,0.027142001752962414,0.05446055858282183
N2,0.014526191490678258,0.7883591763130536,0.12415902640209818,0.014070947267014272,0.05888465852715577
N2,0.01923597065942625,0.7080737361382988,0.20360086295692692,0.02026125636139393,0.04882817388395392
N2,0.023314514350798378,0.8432929246832671,0.09356741911248986,0.018907979134855542,0.020917162718589104
N2,0.016972723703333362,0.7027225806493443,0.22921741206877952,0.020155910209290133,0.030931373369252693
W,0.010410283066247777,0.21733379537709901,0.0744318650364403,0.10993649299368397,0.5878875635265289
W,0.013872220079050044,0.19046246511300907,0.17127404068046484,0.08050054179579802,0.5438907323316781
N2,0.05920513181992163,0.6593211561464505,0.055142859872409536,0.03572754767341015,0.1906033044878084
W,0.09938304602900315,0.1913470555422951,0.03419186968787229,0.08608867995928207,0.5889893487815474
N2,0.20508123173768,0.6891990863703317,0.00808854751017879,0.0358723408697632,0.06175879351204637
N2,0.4151362860734959,0.45632367453165795,0.008029251670486206,0.046314182192919516,0.07419660553144058
N2,0.32062665400444373,0.5397100855819206,0.010099450537491929,0.060234610977239464,0.06932919889890436
N2,0.24325469373116823,0.5596287310955197,0.01646947841745783,0.09661206053764093,0.08403503621821327
N2,0.22314127855669572,0.4860473107123642,0.0043462808941989875,0.15240645290854568,0.1340586769281955
N2,0.22539455818386103,0.36859850718628334,0.013150766604501617,0.20141586674067422,0.19144030128467987
N2,0.17116856919198933,0.3471126139659977,0.029740096337952954,0.1184367952119854,0.33354192529207466
N2,0.16268571304396293,0.3771149161608707,0.029775502427098224,0.1813643700298977,0.2490594983381704
N2,0.059263210443416134,0.5899889394357749,0.06097092128507193,0.1142889234712633,0.17548800536447356
N2,0.043719515312010106,0.8286827035415635,0.04227098133592824,0.02610428699201333,0.05922251281848476
N2,0.036727102417726254,0.7901368226135039,0.0819887302159633,0.047267054408930094,0.04388029034387646
N2,0.05342039299649694,0.8213870654961005,0.04989925699706413,0.04703661967116317,0.028256664839175275
N2,0.024489169767783862,0.8099554267505781,0.1129905317385444,0.016060040573947592,0.036504831169146094
N2,0.022367754900786296,0.7173962356437638,0.20740709888620773,0.013344119686021677,0.039484790883220454
N2,0.02749519973827405,0.7528007919301558,0.185679653476303,0.0058970733957786564,0.028127281459488535
N2,0.040806901279972475,0.7754930314816111,0.051232098708629076,0.021374338871188708,0.11109362965859855
N2,0.008612567390549882,0.4934845893312936,0.30352342420179584,0.15999916857685087,0.034380250499509664
N3,0.003899329215292371,0.32502906619893424,0.6459057122033862,0.007173915705544264,0.017991976676842995
N3,0.003250405911097981,0.2118324057757625,0.7663741382814048,0.006112552784756665,0.01243049724697796
N2,0.007038983079189071,0.494538236436811,0.453474265228783,0.012021933018364647,0.03292658223685229
N3,0.0022601530565606906,0.18362662683057965,0.781949264471726,0.022663863478720216,0.009500092162413418
N3,0.0019662281946422337,0.21480244846610277,0.7733108499200547,0.0010742263697814892,0.00884624704941878
N3,0.002127554055347942,0.273183598787914,0.7155528925664951,0.0009754926326035038,0.008160461957639378
N3,0.0016747715221649493,0.164047783311098,0.8263238853192366,0.000489463948567858,0.007464095898932653
N3,0.002549457526129423,0.11428040921580418,0.8727154291860696,0.0017466688398487453,0.008708035232147986
N3,0.002038087017042928,0.17137944396394567,0.8162959948611049,0.002338837451419829,0.0079476367064867
N3,0.0013169214071119771,0.13640711493923272,0.8546331621972145,0.002635590536045708,0.0050072109203953465
N3,0.0014574189250356649,0.1392722281024111,0.8454522151469168,0.004501940662531244,0.009316197163105267
N3,0.001025260602688779,0.1648952923317094,0.8198523593507138,0.0023608349320030837,0.011866252782884884
N3,0.0007439009174698983,0.12629967307591722,0.8568319610074795,0.0035832950387457807,0.012541169960387448
N3,0.0006134257606986441,0.13206976097975642,0.8557476210858612,0.0032376078772753843,0.008331584296408413
N3,0.0006228718984709257,0.1435719665301005,0.8317519274605246,0.0035296842749139305,0.020523549835989866
N3,0.0008299664255558198,0.16623643236468194,0.8044544155728058,0.0052001720149340664,0.023279013622022338
N3,0.030750083915770554,0.13709016398319399,0.4457302055778,0.01164110083050338,0.37478844569273206
W,0.004416482480806771,0.06570188752803005,0.14323909211119573,0.010738703768428925,0.7759038341115385
W,0.002010948307254984,0.00783824252524522,0.007169743835777301,0.0014971063546158885,0.9814839589771067
W,0.019691506909867148,0.13851630571643658,0.07337696149457631,0.029613437281483086,0.7388017885976368
N2,0.1120109366452027,0.46573636749646685,0.003912275524885281,0.008611363843034429,0.4097290564904107
W,0.38585981566822836,0.09126772858394698,0.0034249266550015916,0.006271588207319763,0.5131759408855032
W,0.12275665330526539,0.07505465614918781,4.861654346225053e-41,0.023467548758951406,0.7787211417865955
W,0.07271508564491376,0.05587316971081229,0.003616262929814909,0.024719301970687956,0.843076179743771
N2,0.06763677232112504,0.8089220418716292,0.003391165994359055,0.01878710573483744,0.10126291407804938
N2,0.09313702956225432,0.7562845316477109,0.011686961298619037,0.04601085359541139,0.0928806238960044
N2,0.07405781036850452,0.7994458720612437,0.004535940053410532,0.0361294525117252,0.08583092500511623
