Stage,N1,N2,N3,R,W
W,0.0036417030185322877,0.0012144866812362886,6.7398847153532e-05,0.005034788962777942,0.9900416224902999
W,0.009964961802853427,0.006151631475095082,0.0018317869841384523,0.47194642052837693,0.5101051992095361
W,0.10411245631548367,0.026299834928743916,0.008129908841524919,0.015743225495184112,0.8457145744190634
W,0.27670514208832464,0.005374700703743269,0.035698645346986795,0.016275403372348667,0.6659461084885966
W,7.20105938020744e-07,2.9773290265452385e-07,2.6011850121156955e-07,2.4484182787915035e-08,0.9999986975584753
W,3.4845840167600346e-08,1.0814658183363938e-07,5.567248665748378e-07,2.2482719088343104e-08,0.9999992777999924
W,2.2006052470396897e-07,3.2845244529418294e-07,3.352866442662357e-07,3.161832053758853e-07,0.9999988000171804
W,5.2913379036195125e-65,1.5468290570567116e-10,1.2840065699475405e-10,1.3719863542369157e-10,0.9999999995797177
W,0.04187513350372215,0.09679964374011744,0.012040289121688051,0.007857799293246856,0.8414271343412254
W,0.02267763266923805,0.09644243523467472,0.27706473273987064,0.0011979937716015167,0.6026172055846151
W,0.008871581612640261,0.024304198722921257,0.001432367231083623,0.0005756266723381643,0.9648162257610166
W,0.009841193831051358,0.18438341922012777,0.007209383205975564,0.011269769274063415,0.7872962344687819
W,0.013990739504511698,0.17520367451040433,0.02328223589183512,0.010149370162485457,0.7773739799307635
W,0.025412639449900732,0.10375308133172137,0.00427100642476905,0.03235961475846985,0.834203658035139
W,0.032183030314533574,0.2038895836456053,0.005095844332176369,0.0530267452355134,0.7058047964721713
W,0.02151749737849873,0.030788284037051646,0.001769592965668675,0.007869377336211313,0.9380552482825697
W,0.008876214968702754,0.37413812836163934,0.1941395524010774,0.008880381447368971,0.4139657228212114
W,0.04867288355147845,0.2298553405162063,0.03633020436073421,0.006353045738055062,0.678788525833526
W,0.0615851697760837,0.24124285835270337,0.07040469589330862,0.014913337908539043,0.6118539380693652
N2,0.06285519088587734,0.5731034937059881,0.03526322731473297,0.008744112213829024,0.32003397587957255
W,0.03358017576359677,0.07873116648444495,0.013329723090767619,0.008701732676384804,0.8656572019848059
W,0.029925764481329723,0.0801616715641195,0.004109157740100818,0.03150420879700474,0.8542991974174451
W,0.07327425042195111,0.1336277473260797,0.006510525087184554,0.0782092472714919,0.7083782298932928
W,0.16426967814497237,0.2314286083293867,0.006693310745461469,0.09356995330573492,0.5040384494744445
R,0.10883299293886381,0.09953396537379104,0.00725082961235168,0.5926964947331214,0.19168571734187204
R,0.12862744327739295,0.14296730066247232,0.026536784614480266,0.5909323060856438,0.1109361653600106
R,0.10843245209192841,0.06438256532169583,0.013336120603274559,0.7367038656981151,0.07714499628498611
N1,0.4874458136556789,0.2101081777349325,0.006647672022360549,0.17151014771860712,0.12428818886842102
N1,0.524161463011835,0.09389220925288894,0.0027407415761743982,0.2203551600511492,0.1588504261079525
R,0.3008611924280552,0.1156674781819411,0.005503484069522176,0.5058363976814015,0.07213144763907998
R,0.20367346746833273,0.2585856901360831,0.013206545888729557,0.5102374474009019,0.014296849105952619
R,0.15297445903637868,0.20937721705722737,0.021468558472544214,0.6033095539376235,0.01287021149622627
N1,0.6252267476033871,0.1168865761946032,0.010751788108123182,0.23038182649431152,0.016753061599574872
N1,0.41242285806167567,0.2894083272859305,0.02320694815319186,0.2694851171314374,0.005476749367764479
N1,0.528345869125582,0.30118186052351315,0.018043825450076045,0.1442264563483709,0.008201988552457858
N2,0.2315115485482068,0.584275998505343,0.06719593683110642,0.10970416624790676,0.00731234986743704
N2,0.19484967238930512,0.7150631667224443,0.0435637658345465,0.03070960579009797,0.015813789263606073
N1,0.5670105077487242,0.3445205533056719,0.011520623021969273,0.06959846659498489,0.007349849328649772
N1,0.5065635773386319,0.4373073741848388,0.016643045434554006,0.02853997941060659,0.010946023631368892
N2,0.4195973061330611,0.4619070320559545,0.024402378697113713,0.0737229096574758,0.020370373456395002
N2,0.1653110557110531,0.772686331858959,0.02396047905659227,0.014273691053833857,0.02376844231956196
N2,0.3800815372702026,0.5817510062997581,0.008488955401377564,0.009401601969358733,0.02027689905930301
N2,0.29248303594146,0.6492921324224762,0.017908701430664562,0.030990510488649266,0.00932561971675
N2,0.1697776264032705,0.7688066777602964,0.03494159121138018,0.016905519323945517,0.009568585301107435
N2,0.0615645146614506,0.9009240963246444,0.01831753450505508,0.006576160132986148,0.012617694375863955
N2,0.07287036857451601,0.7012738012366446,0.03807979669115332,0.011829376863619446,0.17594665663406658
N2,0.06508189026930324,0.720579345119054,0.030165353295058782,0.008184278745423655,0.17598913257116042
N2,0.06061848068105792,0.8000187431668924,0.04515536250087933,0.01460502994997437,0.079602383701196
N2,0.03596581446142992,0.9159132929045005,0.028784796506154484,0.005029278924222689,0.014306817203692515
N2,0.10547256211221215,0.8643318374800116,0.014532028686534122,0.007089901613182431,0.008573670108059754
N2,0.13542688703705247,0.8210827761737388,0.005359627912903382,0.02701233544036971,0.011118373435935646
N2,0.11640286229512863,0.8460786439346911,0.011150477701321508,0.01350570574033412,0.012862310328524683
N2,0.009256880418031311,0.5300672608222382,0.4296866396025914,0.007269159187024619,0.023720059970114372
N2,0.10432139313903721,0.8367678787409574,0.0366425145347123,0.010282382346757381,0.011985831238535598
N2,0.07558708288370633,0.8683075387329893,0.04424254819143755,0.004310267801947139,0.007552562389919687
N2,0.06673211889873419,0.8997678672710536,0.022482818011478885,0.004078942591300242,0.00693825322743316
N2,0.13387200373143443,0.7667074740391364,0.04768264543261902,0.009756232149107954,0.041981644647702016
N2,0.0587133201830061,0.9054677167831422,0.021558765849680327,0.004518796476752209,0.009741400707419258
N2,0.022911108942663162,0.8992628076826485,0.060658930834796086,0.002861230928566126,0.014305921611326005
N2,0.018132005695363777,0.8527272407886618,0.11066336168120096,0.0029350789556693074,0.015542312879104172
N2,0.027678020966973377,0.8485820159941757,0.10561399390805466,0.0025240417321291107,0.015601927398666919
N2,0.011682024318210932,0.8355908640500661,0.1328551247311417,0.008108591010038602,0.01176339589054273
N2,0.003779001497859797,0.5608423506912394,0.4266429725006417,0.003376709551049363,0.005358965759209607
N2,0.01616256560309669,0.9130948433441506,0.046992153381101874,0.00872603157790738,0.015024406093743448
N2,0.008080208097934938,0.8582545781969253,0.10995570433728862,0.011084522080095726,0.012624987287755409
N2,0.004275866528920166,0.7181271049570954,0.2560957639151438,0.013876465179058623,0.007624799419781922
N2,0.006589867920707181,0.832968818480129,0.13981095013288206,0.011497198252201697,0.009133165214080096
N2,0.003221900991371836,0.7502590382252866,0.23222405600335216,0.006081238274454401,0.008213766505535
N2,0.009781104610049928,0.765869477857226,0.19726950463695567,0.011190946203099114,0.015888966692669124
N2,0.006149967888510508,0.7007663692213888,0.2712568237352106,0.007250046489802965,0.014576792665087138
N2,0.003084269121110955,0.5967526516535262,0.38644024793623616,0.005813317898515955,0.007909513390610877
N2,0.0027706871507614376,0.6521205063718517,0.3282494664561141,0.004811628246093066,0.012047711775179756
N2,0.004698427497730532,0.5603826582628311,0.4134695449478926,0.0038304050876594455,0.017618964203886426
N2,0.0022540226902921516,0.5100067371181024,0.4745259672314384,0.0029883355730814854,0.010224937387085653
N3,0.0032342603508778186,0.43387430907752594,0.545365084874075,0.004501340086976836,0.013025005610544356
N2,0.0024371479814281278,0.5509895838523219,0.43403114925163944,0.0035313139677967914,0.009010804946813796
N3,0.011348784748180867,0.2542424403997231,0.4876058216145887,0.003298484269385888,0.24350446896812142
W,0.017639322234371896,0.09073083921670708,0.17941547368051325,0.03505547127345217,0.6771588935949556
N3,0.010278788893072864,0.2959398937899904,0.6450493479442025,0.0009751534632462987,0.04775681590948787
N3,0.016741346869196684,0.4355726717247906,0.48953146190406,0.0008539309927916354,0.05730058850916106
N3,0.003988663314856903,0.1808135639690625,0.7973790160854209,0.00030820689019964235,0.017510549740460013
N3,0.003267953910555557,0.3944335217165967,0.5896107740712073,0.00032757828660282884,0.012360172015037835
N3,0.002499169182351256,0.46721054129587297,0.5187689570132131,0.0001925749425199517,0.011328757566042647
N3,0.001211311223834596,0.2804718473829945,0.7110939040012071,0.00011892349668360291,0.007104013895280243
N3,0.001942296641324519,0.2857970412103857,0.7077215633063227,0.00017823439815788507,0.004360864443809082
N3,0.0018429829932137746,0.42177171342286895,0.5687560112086799,0.0003426492310011449,0.007286643144236263
W,0.015156870275661413,0.13106909825551447,0.28039744096557495,0.03146087705464371,0.5419157134486055
N3,0.004865040129947157,0.44425971853045315,0.4668964009392887,0.0005206454305084555,0.0834581949698025
N2,0.01162237050936324,0.6124112856387001,0.3138898137110897,0.001138835324613789,0.060937694816233075
N2,0.009427978086581232,0.4952910330774314,0.47367195730175704,0.001242662489081493,0.020366369045148797
N2,0.005413787045997636,0.5433872539589484,0.4430133716725117,0.000811292935318957,0.007374294387223519
N2,0.0029857379958926717,0.715591354106056,0.2744123996262927,0.0006138962942140981,0.006396611977544418
N3,0.0022412516313919063,0.4472208710001781,0.5444904741063499,0.00029551305433598966,0.00575189020774413
N3,0.0017907062683020195,0.4921874217857087,0.49998163247329147,0.000376613888513992,0.0056636255841840495
N2,0.007308606848458201,0.7204470813606687,0.24780292071761295,0.0021869610484047115,0.022254430024855273
N3,0.0016768326459653481,0.4005948534731733,0.5916937501725826,0.0004537089798398964,0.005580854728438821
N3,0.001011523395820903,0.3178232129862174,0.6759138855613835,0.0003706198284478186,0.00488075822813041
N3,0.0007785608414931136,0.17249032491360397,0.8242504773014175,0.00018894857794867333,0.0022916883655366427
N3,0.0010505758472649737,0.2592606921059399,0.7365385582683422,0.0003509113753984232,0.002799262403054318
N3,0.001306529886836654,0.37362539721353466,0.6213592925169527,0.00043554301260172526,0.003273237370074158
N3,0.0016888283034182468,0.3250960555455627,0.6676023326665157,0.0005648882281190372,0.005047895256384303
N3,0.0009454240482972135,0.24335448721203787,0.7516695136503807,0.00026669191563828795,0.0037638831736460767
N3,0.00038096194806191524,0.12366619473067957,0.8747611883582646,0.00013284176290078795,0.001058813200093035
N3,0.0005015306897180097,0.11811945307328044,0.8794363167775502,0.00017085507792268472,0.0017718443815286607
N3,0.0004462418242859111,0.15417505903474005,0.8429010970026526,0.00012690474262990798,0.0023506973956916835
N3,0.0006198764838316494,0.23430294930773202,0.7614742075743255,0.00031935925647212594,0.003283607377638824
N3,0.0008636752925292282,0.1518621302401984,0.844298822790086,0.00021734797404293412,0.0027580237031434576
N3,0.0007449431931402825,0.14998921640056875,0.846875035816854,0.00022764060871944321,0.002163163980717656
N3,0.0014777515068485955,0.2425594707955535,0.7503183388036346,0.0003793500429856891,0.005265088850977577
N3,0.00040222551451749857,0.08604693263442677,0.9120568101199911,0.00010461886837504855,0.0013894128626894806
N3,0.0011893733053886866,0.29194118770211747,0.7024055600704073,0.00048977847116059,0.003974100450925827
N3,0.000680174120982036,0.15474944080637817,0.8413270987060152,0.00022058078603803743,0.0030227055805864722
N3,0.00041770485449745974,0.15281960658409988,0.8443588381030953,0.00013452858546268693,0.0022693218728446723
N3,0.0008261633213645685,0.18972016789690738,0.8064325924706162,0.00036451462916198464,0.0026565616819499965
N3,0.0015900653993917767,0.31106662725361034,0.6794172525939263,0.0006151470723601001,0.0073109076807113624
N3,0.00034830366415570857,0.10066415453618036,0.8976025221694942,8.862559104429544e-05,0.0012963940391253225
N3,0.000273393381430959,0.1166512602263134,0.8814993443693028,7.214692182588172e-05,0.0015038551011269186
N3,0.0009362838006790334,0.2627105457893614,0.7310611881634164,0.00031617363817332153,0.004975808608369836
N3,0.0006079765803357048,0.18219333194482185,0.8154161478547619,0.00013750974115119365,0.001645033878929175
N3,0.0004223132323080661,0.12720378717568626,0.8709662846783813,0.00013523931282586837,0.001272375600798481
N3,0.0006012998396000542,0.15531107578050177,0.8423097311600484,0.00018163393749934267,0.0015962592823505384
N3,0.0006658224134457881,0.13715356700765324,0.8582239622786179,0.00014822054332587365,0.0038084277569571884
N3,0.0015804271429067766,0.22815696286223444,0.7643270158284634,0.00047408005345043905,0.005461514112944797
N3,0.0012182159090695212,0.16373132398007165,0.8298691809972124,0.0005469903565622235,0.004634288757084125
N3,0.00046875412314823016,0.0904450416971396,0.9069035830586252,0.0002273620357174291,0.0019552590853695317
N3,0.0007965732848725991,0.2019257100412827,0.7899209746180547,0.0007552087963242118,0.006601533259465905
N3,0.0007962894637940545,0.14529929077573878,0.8472914679319266,0.0007155534044539743,0.005897398424086704
N3,0.0006895872150596662,0.12328681910601964,0.8711274980411235,0.0005439255336024475,0.00435217010419467
N3,0.0007364056160946657,0.11577086713362127,0.8771784442718299,0.0016679356480388404,0.004646347330415277
N3,0.00047738200538138646,0.09871324253716865,0.8917575551913473,0.00397939759846922,0.005072422667633518
N3,0.0012740045825532925,0.15245156976766025,0.8353563010237597,0.0011026634893856046,0.009815461136641257
N3,0.0012699558416705726,0.21076214362296694,0.7769472393783844,0.0017426295312926625,0.009278031625685522
N3,0.0014290765397970532,0.1980995890027408,0.7652522052905777,0.019087259756179253,0.0161318694107051
N3,0.0011238937641917788,0.21191522755277822,0.7694767264735539,0.0009994564695529327,0.016484695739923172
N3,0.0016955758799870066,0.14850266544210997,0.8350826973950586,0.0031500623988024645,0.011568998884042067
N3,0.0012095549123992736,0.17454818956204482,0.8041202510366717,0.001972531918498996,0.018149472570385176
N3,0.0012231777486089764,0.1581457647254348,0.8252964992922294,0.001745905884212816,0.013588652349514268
N3,0.000796984185979879,0.09752351295243805,0.8938728545572501,0.001044812349479211,0.006761835954852692
N3,0.001423599102075663,0.1446028190436456,0.8430199086960753,0.001859136958613134,0.009094536199590227
N3,0.0019645964620390753,0.2240289179372424,0.7594537750031096,0.003577944858809523,0.010974765738799236
N3,0.001525583273863678,0.22331590784583072,0.7607758367503629,0.0027292017141851716,0.011653470415757459
N3,0.006963531346916446,0.467783814965007,0.47399794460496575,0.009839743294778379,0.04141496578833234
N3,0.0031800622174208196,0.30885934193915837,0.6641667103150881,0.003278086022429794,0.020515799505902883
N3,0.0009181172366704826,0.10035283143976181,0.8889498439126666,0.001525983444512634,0.00825322396638841
W,0.007605541045502263,0.10329153676350823,0.0038911636382442483,0.36772183259658753,0.5174899259561577
R,0.007211399862779086,0.07036944467718399,0.03971061220451466,0.8384540871248208,0.04425445613070154
N2,0.11176508343961626,0.3506053484291416,0.06126543062225151,0.17212494749261387,0.3042391900163768
N2,0.09363336700037861,0.41755365184461335,0.020824584310246464,0.1259074374507628,0.34208095939399874
N2,0.07845899503633609,0.5219255478867565,0.12078447474729778,0.06381067919256724,0.2150203031370425
N2,0.12534156033558308,0.6327972770455896,0.03707183572932045,0.07502441134850321,0.12976491554100358
N2,0.060049646360051424,0.6427091555591115,0.06593673006753208,0.05392013158076178,0.17738433643254317
N2,0.04257551488883923,0.7759269889413198,0.09430157068140091,0.010053753490741281,0.07714217199769882
N2,0.03876603156760409,0.8397266682204014,0.027614819801840135,0.03507153964265931,0.058820940767494945
N2,0.06470971200057925,0.7232349955791436,0.030478727811286067,0.07020473482107337,0.11137182978791771
N2,0.24029567115351977,0.3104180782178111,0.004126413014458858,0.22967797161663542,0.21548186599757474
N2,0.14768567717950307,0.6363701764825632,0.0014740359426873102,0.09770014197344386,0.1167699684218024
N1,0.33549497868221717,0.21157863271312485,0.0005171707122484157,0.2418897329644839,0.2105194849279255
W,0.03268140040082592,0.36068227577696216,0.0005503693911169227,0.01980795177156249,0.5862780026595324
W,0.13430962210260783,0.11264386262042081,0.00012553840658516217,0.05574208787668735,0.6971788889936988
W,0.20156783873461476,0.10490422311703947,0.00026079394736586056,0.06635972030235379,0.6269074238986261
W,0.22855587700923444,0.11595971792968823,0.00044928493040946626,0.0858409064779088,0.5691942136527591
W,0.06893155081242215,0.05532965098224957,2.089474752045616e-06,0.02579493618236839,0.8499417725482079
W,7.168826504060251e-05,0.0002573281556894127,1.554089218288248e-05,0.028649300590556478,0.9710061420965307
W,0.0437174964515422,0.002577597893660649,7.239883944492831e-06,0.0013898997892896256,0.9523077659815631
W,0.1433028179720405,0.0031136798951101274,1.8161261461713084e-05,0.0034042565162675786,0.8501610843551202
W,0.14397519248444943,0.010419980819714757,3.0840717662415236e-05,0.0032488473361770814,0.8423251386419964
W,0.05756953538680138,0.026006543608350443,0.0011982097241981565,0.09084652870652687,0.8243791825741231
W,0.3603695826882346,0.03875637480537581,0.0004792460169587963,0.08860308717500011,0.5117917093144306
W,0.14793679718407413,0.03808879900740864,0.0006525209360085301,0.05142366578750056,0.761898217085008
W,0.12357503302135861,0.2516489708676224,0.0013982536178598,0.055297167134118516,0.5680805753590407
N2,0.14141785036849844,0.3593564436118456,0.010994614881351518,0.1800263240590099,0.3082047670792945
N1,0.3159167564507163,0.2697333704754612,0.004257281710710888,0.17500726834487468,0.23508532301823695
W,0.0006840531794750865,0.0006951692445389782,0.00035404478445156645,0.042440265672136136,0.9558264671193982
W,0.2902192372457739,0.016350972786108163,0.00016850013846806783,0.06798000215893124,0.6252812876707186
W,0.20545764778904388,0.010790291658810097,8.695419616383997e-05,0.013030525298121086,0.7706345810578612
W,0.32715948698844943,0.02325529335078859,2.597064960943709e-05,0.011321465102862107,0.6382377839082904
W,0.14561929762711825,0.1409559697198415,0.0028315987392013822,0.029595919464956977,0.680997214448882
W,0.2456140202291127,0.005391051287179654,0.00026183849008663287,0.03734952481904277,0.7113835651745782
N1,0.6311888217377835,0.014146297503324091,0.00010751696040978448,0.05202480114506318,0.30253256265341955
W,0.20519831208388772,0.015712820087970817,0.0005444161439449724,0.07994174987165785,0.6986027018125386
W,0.2443847684320989,0.0778750623123036,0.004726954450148847,0.14874525190043486,0.5242679629050138
W,0.33840884639782143,0.10855154178669046,0.000852297280602352,0.14098820185931368,0.411199112675572
N1,0.5087253731637614,0.08943078054329401,0.0006717335506132025,0.10128247417595695,0.2998896385663743
W,0.2987937355746831,0.14466132892274924,0.002999339241488981,0.139514240309321,0.4140313559517576
W,0.32274730343703273,0.11416580968758382,0.0006663406170622006,0.10388973113338565,0.45853081512493554
W,0.27681916317090505,0.10374560096814035,0.0005105831338852319,0.17997707328741375,0.43894757943965557
W,0.24452800984687179,0.07836122296564273,0.0007070907653977632,0.15007676574124126,0.5263269106808465
W,0.23968216236162632,0.09411755506876084,0.0011657783800836695,0.21029732779476693,0.4547371763947624
N2,0.19268357097081842,0.39284443463477364,0.0008594002152157939,0.15948864847503186,0.25412394570416025
N2,0.21796691034106958,0.3337903688936264,0.0007372325151124519,0.12401257059511786,0.32349291765507376
W,0.14113608437642142,0.3110909321430096,0.002950961398952634,0.2023214179454781,0.3425006041361383
N2,0.12287723459419393,0.36458403810697454,0.0030951569075150487,0.1615933995173685,0.34785017087394804
N2,0.12598471274025178,0.49800922763807437,0.0019819333910332726,0.12603012339193617,0.24799400283870426
N2,0.14612408378654737,0.35694775940889334,0.002071248699481945,0.20576321823775182,0.2890936898673256
N1,0.30305569113806197,0.20961349604664287,0.0011758845758497078,0.18437524645523368,0.30177968178421183
W,0.15904993547816357,0.3387932656469344,0.0011804829005263888,0.15919794952112626,0.3417783664532493
W,0.2159989886114645,0.25415149839764145,0.0014705563471669536,0.13196105699834584,0.39641789964538127
N2,0.13738724591129206,0.44769104479574773,0.0016066635622630728,0.14102179384187633,0.27229325188882086
N2,0.12337479967459551,0.4452832040744162,0.0005108623822681567,0.1384320644483584,0.29239906942036165
N2,0.24707783087489169,0.3230419226309032,0.0009214753926145318,0.15391146752283008,0.27504730357876056
N2,0.142870665811175,0.4149618825535015,0.0006747255679643213,0.1928840105459996,0.24860871552135952
N2,0.08599525265380976,0.46721450919008606,0.0006375853136687448,0.10036745992490377,0.3457851929175316
N2,0.06300852072459107,0.5152738571585218,0.00086748224799716,0.10512121647892653,0.31572892338996333
N2,0.15913883309918497,0.5507580150099048,0.0012629358251076723,0.07570402095090528,0.21313619511489731
N2,0.0705196115751097,0.5999266573796357,0.0011962993440804135,0.06224727395466083,0.2661101577465134
N2,0.13613377165615725,0.6339593013115182,0.0020794184247905135,0.06220372014537463,0.1656237884621595
N2,0.13782976268256344,0.6700994294062662,0.0021155746273839346,0.02772502672761462,0.16223020655617185
N2,0.10559604600828586,0.6896036555590388,0.001635539880255185,0.039329426460879446,0.16383533209154064
N2,0.11550451947660396,0.5931412764300087,0.0014393224246140508,0.03670658950628817,0.253208292162485
N2,0.08987455444916558,0.739479104797041,0.002501669177976892,0.02579475329226063,0.14234991828355584
N2,0.10931378624355532,0.731144401164697,0.002009814525853702,0.03470638926176566,0.12282560880412836
N2,0.21023815947569446,0.5537500368558886,0.0011736420978123803,0.05183049593859142,0.18300766563201307
N2,0.11729007066265554,0.7820235621066141,0.002787006945438224,0.02371194822150743,0.0741874120637847
N2,0.21432074354248032,0.6101929817465472,0.002238545020870207,0.028921733658639388,0.14432599603146287
N2,0.06196994906287957,0.9015076574645003,0.002513549050469826,0.004319224640579424,0.029689619781570708
N2,0.22726458111662998,0.6640205943967805,0.0014113310942987353,0.013758529779264497,0.09354496361302618
N2,0.13271622886544926,0.8304660023577969,0.0018855945183712472,0.003519343194098737,0.03141283106428416
N2,0.06166617273037951,0.9104342095049826,0.005614791841080311,0.0013962723353001995,0.020888553588257447
N2,0.13270262555218365,0.8367173428015343,0.002056132616920829,0.0036226975037662226,0.024901201525594864
N2,0.05587743016331205,0.9039086531645881,0.005574856385969337,0.0015499943013517,0.03308906598477872
N2,0.15151620156396042,0.7897994371632212,0.0028057499474957014,0.006193016907842977,0.04968559441747959
N2,0.09709750863057422,0.8711606322838163,0.0075085769222872824,0.0027056589561970717,0.021527623207125153
N2,0.031117782458717914,0.9353927541097843,0.011671876427065412,0.0020513781105778537,0.019766208893854526
N2,0.021960512694526677,0.8962134455718087,0.061423110906738694,0.0016352090170701267,0.01876772180985581
N2,0.05191498686490144,0.9005621067220715,0.013677527206220192,0.006179183873225422,0.027666195333581244
N2,0.024544185182029207,0.9277996290281685,0.024667806234027128,0.006265832196751764,0.016722547359023534
N2,0.006112246295016314,0.8854026114358047,0.05054773973093241,0.0013784520629652871,0.05655895047528129
N2,0.005570833991911216,0.9226295060589909,0.03407551849128549,0.0025532417964662765,0.035170899661346136
N2,0.0195224666095801,0.8864353131799295,0.047329604631186566,0.0036391214544592675,0.04307349412484444
N2,0.02309975656077717,0.8739414965696012,0.023912347965626257,0.01534823390570462,0.06369816499829078
N2,0.01722886389396861,0.7930075831349851,0.0981796941952218,0.04214300457447389,0.04944085420135051
N2,0.027256444628724633,0.784793647908486,0.10479578473042994,0.06112926626437064,0.022024856467988938
N2,0.021274197992606478,0.7822918647700683,0.08911242072747573,0.05331596636070536,0.05400555014914413
N2,0.011104741085982152,0.7597039315806382,0.14577106517904695,0.05158675043224426,0.03183351172208836
N2,0.010903195512649485,0.7208868235701267,0.13820246355281968,0.09007396787533073,0.03993354948907331
N2,0.0038760226897865324,0.518501193283873,0.4067278252224817,0.023488294073114552,0.04740666473074417
N2,0.003727866691161268,0.520045602445344,0.41262802166276846,0.01534120357624857,0.048257305624477664
N3,0.002248970376554876,0.462701122615702,0.4716357705136563,0.00858535957846782,0.05482877691561919
N3,0.0018573442809533144,0.4338439373495277,0.4730631427284987,0.009797273932569177,0.08143830170845108
N3,0.0014738357629159478,0.37004944548699276,0.5890660137955783,0.010633648348218994,0.02877705660629406
N3,0.0010270971275016432,0.29904056595604706,0.6699826262501271,0.009321352759581849,0.020628357906742265
N2,0.0022608972313136154,0.5302347558808352,0.4315406504746106,0.00557773569371,0.030385960719530408
N3,0.0013570687861114029,0.3470251128388483,0.6312933495071659,0.003864528847886511,0.01645994001998804
N3,0.0007728026057275624,0.3591815039582092,0.6228791683096364,0.003118867059675332,0.01404765806675159
N3,0.00064249438563055,0.2013599027856735,0.7880788256144546,0.0031497926963292722,0.006768984517911996
N3,0.000374478336530513,0.136962085638346,0.8176241035069437,0.0371787878192084,0.007860544698971387
N3,0.000384670926453781,0.15372626882772744,0.8323202149880622,0.0018471686510885459,0.01172167660666808
N3,0.0006018988384171595,0.1941187142166788,0.7924428860427521,0.0031953470959031442,0.009641153806248763
N3,0.0002041978642306705,0.08499594285141725,0.9079264228244297,0.000514219562569107,0.0063592168973531345
N3,0.0006379759352314179,0.14480530825701735,0.8271423792842703,0.011482922884730936,0.015931413638750166
N3,0.0003193678292065498,0.17566041709094107,0.8121576297546121,0.0006297064163609801,0.011232878908879255
N3,0.00012520368040390976,0.032392524311587276,0.9560253490918106,0.0015067974465662534,0.009950125469631926
N3,9.962525566794117e-05,0.03717492905434435,0.9511677934792927,0.003056618708345242,0.008501033502349677
N3,0.00014321954572222762,0.05122982235784143,0.9150198448000946,0.00027121552441995575,0.03333589777192187
N3,0.0008184387144675592,0.09828903522162948,0.8328918113574484,0.020267548958270685,0.047733165748184016
N3,0.0005880201945262327,0.10052739674220015,0.8690371326999728,0.0007660103067801046,0.029081440056520833
N3,0.0012474151454981849,0.0932224689134097,0.8699663582931851,0.014496150625617972,0.02106760702228885
N3,0.0005088781325661904,0.04843511258274946,0.9090023190652694,0.025404365772332183,0.016649324447082864
N3,0.0006749881155637459,0.09885007980633899,0.8705806833982722,0.001248295940614174,0.02864595273921104
N3,0.000553133329295169,0.04619426043433505,0.9279458149616086,0.018543924396861602,0.006762866877899667
N3,0.0004647579889092713,0.02862122504672145,0.9502847260120676,0.012775330035725207,0.007853960916576405
N3,7.537861404805341e-05,0.019723164749005064,0.9737078154783004,0.004170968311920949,0.002322672846725562
N3,0.0001585739538957843,0.029220726138129868,0.9641241678850625,0.0030197011133657947,0.003476830909546067
N3,0.00018582385298177424,0.028542780636156218,0.9646595076425587,0.002647401593511108,0.003964486274792311
N3,0.0001018538001534463,0.015631675564911313,0.9792236879748929,0.0036036150617314317,0.0014391675983107817
N3,0.0008300959933609027,0.15501525757094667,0.5811208990907722,0.09013390451360538,0.1728998428313149
W,0.03881518259228318,0.10418184311816794,0.18316801642007577,0.00711567599501233,0.6667192818744607
N2,0.01708750657425298,0.5528194739505194,0.19339450029695995,0.003455914984198418,0.23324260419406923
N2,0.03863321301763964,0.6352232166895857,0.13323579366011548,0.006592531719262533,0.18631524491339663
N2,0.02901796865128396,0.7491885845329365,0.0772500680270289,0.0024827979771022217,0.14206058081164855
N2,0.012050296190419384,0.9111641257852695,0.049817033999492055,0.004329189688579232,0.022639354336239877
N2,0.02955915415228796,0.9296264863584729,0.022494142693409037,0.004705476135997706,0.013614740659832323
W,0.011070409225525506,0.08785629052598866,0.011725527328213605,0.06937299563615963,0.8199747772841125
N2,0.04195634879121406,0.6518196170187893,0.007682684297704007,0.03165016589682328,0.26689118399546924
N2,0.11069831431719998,0.7169974781550341,0.01204076729779528,0.035188840011612973,0.1250746002183576
N2,0.08178423956756718,0.6852118518970653,0.017842482696700537,0.05427468468627569,0.16088674115239138
N2,0.030117015397704686,0.7973276157710295,0.027547899695167855,0.00968687910976069,0.13532059002633734
N2,0.03084233935801469,0.9101112819893259,0.01110821239966334,0.009964504460502668,0.037973661792493334
N3,0.001438113184560584,0.06658340026305364,0.928175035097973,0.0002205045682211343,0.00358294688619154
N3,0.0011903264785050635,0.023729848971415744,0.9673192121551935,0.00022932336029453073,0.007531289034591063
N3,2.3594483285690134e-14,1.3529329387351346e-12,0.9999999999985001,1.4631533512614758e-14,1.0871838569164969e-13
N2,0.04110280960392732,0.7680769454530738,0.11536106020215717,0.007400626495280455,0.06805855824556141
N2,0.02745864699505384,0.9487223504693199,0.0004039983355335716,0.0038928693726334937,0.01952213482745913
N2,0.01546411434482362,0.9251467856948822,0.016650041948205963,0.005798482389537347,0.036940575622550834
N2,0.048012985126279356,0.8776843676089467,0.020808327544638284,0.019725216653086866,0.03376910306704879
N2,0.012191554304526436,0.8904238658052557,0.07682796585234031,0.008415336675106801,0.012141277362770861
N2,0.022767468705100543,0.8973047528487871,0.035463681955165756,0.018634261245886814,0.025829835245059867
N2,0.008884741361395138,0.844359915430238,0.10896997461386787,0.008409435996717876,0.029375932597780888
N2,0.008222865457158444,0.8625635772472966,0.10264350103855951,0.009344565646524597,0.01722549061046084
N2,0.016675166600539578,0.8271354429345045,0.08572617913578079,0.02312788316463107,0.04733532816454401
N2,0.008584891158423924,0.7892420678743841,0.15530806300817646,0.01160976501473488,0.03525521294428063
N2,0.01205275938740851,0.7582306424081565,0.13609114751296017,0.026417757236933972,0.0672076934545408
N2,0.006759844693264146,0.7545911187590706,0.19760860771989883,0.006343401426308058,0.03469702740145826
N2,0.00830514784072933,0.7269548685321386,0.16089913023455868,0.01782769767647935,0.0860131557160941
N2,0.012452900136004419,0.8029231991948149,0.11401599322735509,0.031998714221115075,0.03860919322071064
N2,0.00764628407747812,0.7011396383913219,0.1994859665151631,0.037735894165070845,0.05399221685096599
N2,0.019651076898530826,0.8106000713805522,0.08733738553675992,0.040589630486028455,0.04182183569812851
N2,0.012602269010105655,0.7866274700035065,0.12576204705012511,0.03788883013851897,0.037119383797743696
N2,0.00698913544907718,0.7084674295707774,0.20967950772370114,0.012048423531842383,0.0628155037246018
N2,0.02189737277498887,0.7140279835872088,0.18944849781102116,0.013121218629598074,0.061504927197183284
N2,0.012630318081965615,0.723731941346524,0.162417852386349,0.026483036312696582,0.07473685187246494
N2,0.013443850241387056,0.566281532843887,0.3691509243526648,0.031857699325444556,0.01926599323661652
N3,0.003002668586484694,0.39899915862991514,0.5775329327922938,0.00458217024862273,0.015883069742683647
N2,0.018127651596480686,0.6970281010929489,0.22722283948621297,0.0325833274949939,0.02503808032936353
N2,0.015138678523408009,0.7186841309828712,0.18989404323516076,0.025785085937663987,0.05049806132089602
N2,0.011682171269963678,0.7136694771118721,0.2435917917238362,0.01026888688312043,0.020787673011207434
N3,0.00700255869849994,0.39491026667078094,0.57962511866837,0.004616048356436508,0.013846007605912562
N3,0.005788804940089877,0.4154068757344674,0.5571559837157035,0.00453998845772646,0.017108347152012843
N3,0.010920092501149848,0.4680844759891412,0.4959808401741389,0.01095729637620602,0.01405729495936397
N3,0.010631669486716953,0.4231988699883772,0.4823388163669574,0.035516985895610836,0.04831365826233755
N3,0.002486744755127598,0.21445708001464628,0.7585814678688803,0.009151802856862472,0.015322904504483292
N3,0.003766682129576793,0.32412280814021344,0.6571706490549889,0.003911504683193124,0.011028355992027662
N3,0.0038128411720352727,0.3021122837836583,0.6350344492301507,0.010006074253692786,0.04903435156046282
N2,0.011214178477692313,0.5351564688465195,0.3550223389755064,0.047807296398271575,0.050799717302010265
N3,0.002310509920239462,0.35779958179998794,0.6240062435640834,0.006199998460650501,0.009683666255038732
N3,0.004144878589957676,0.4071129132512306,0.5724315114531189,0.007658999443257051,0.008651697262435708
N3,0.001619900399347021,0.2051966231776919,0.7863675349821315,0.0016651849382647455,0.005150756502564789
N3,0.0010752810314167843,0.1635552714519032,0.8287738676476385,0.0019840527371053278,0.004611527131936267
N3,0.003270060556649553,0.3310868132605641,0.646240792303022,0.006130499370639593,0.013271834509124657
N3,0.0014005113249110207,0.143368854829129,0.8374185562454977,0.011015780675788534,0.006796296924673898
N3,0.0008063188349335445,0.0961563263409106,0.8893202507478988,0.011056567759511395,0.002660536316745518
N3,0.0007413528119531211,0.10886560040512516,0.8840062553249471,0.00040900182322558734,0.005977789634748895
N3,0.0010954965040069903,0.290105313349544,0.6998996833787485,0.0005082255906287065,0.00839128117707183
N3,0.0012329332669217341,0.16924976134218403,0.8079113949833391,0.006048848176493852,0.015557062231061212
N3,0.0006112744526696426,0.10365694690077368,0.8878843996261724,0.0022916921878015275,0.005555686832582889
N3,0.0006203537553313713,0.13142463742009636,0.8571569147804836,0.0056534812810742525,0.0051446127630144795
N3,0.0003216285711136671,0.06670648717463046,0.9260295788275504,0.0034667632869562538,0.003475542139749241
N3,0.0007975197774179722,0.11653777408999234,0.8653614577550183,0.0103906822381035,0.006912566139467864
N3,0.00031321286241532947,0.06215579807690032,0.9304322042579211,0.004641993829308176,0.002456790973454972
N3,0.0003867674465607777,0.0806006299042138,0.9073755879976003,0.005342031275289882,0.00629498337633505
N3,0.0007689379119847363,0.12818260972176018,0.8604197200763832,0.0010424226538229588,0.009586309636048982
N3,0.0005485108386860172,0.11214248249702084,0.8777796856493629,0.005254521273145934,0.004274799741784425
N3,0.0002911963769886365,0.05764885486391668,0.9351300997061353,0.0033819477978016452,0.0035479012551577786
N3,0.0003913247569595552,0.07696236379222274,0.9132818910752407,0.004560284746177781,0.004804135629399287
N3,0.0010355060845536267,0.20932612063862424,0.7766176031636665,0.0011843364691365864,0.011836433644019118
N3,0.00040131351842535146,0.10375519471913945,0.8928637261914752,0.0004419321689820273,0.0025378334019778375
N3,0.0006504045347882521,0.19383652868855886,0.801137861897914,0.0005482269663161749,0.003826977912422574
N3,0.0006848519058398253,0.2052455326989775,0.7890927053415574,0.0009312021534308746,0.004045707900194474
N3,0.0004339292857003226,0.13701155624491623,0.8587376502687686,0.0004188661591334099,0.0033979980414814764
N3,0.001390517215445006,0.195852520415846,0.7850392171187119,0.009235292875083168,0.008482452374913959
N3,0.0004903935693925263,0.11192901395917984,0.8788404864446696,0.005520282547073179,0.0032198234796849087
N3,0.0007239227529240458,0.1448081135850277,0.8449214776917077,0.005543316735716574,0.004003169234623951
N3,0.0015204050464729135,0.2499340325468018,0.6915097473202907,0.030939116019573575,0.026096699066861
N3,0.0015202802600442961,0.22069935641314015,0.7623892471926071,0.004700880696520704,0.010690235437687684
N3,0.0007616910011893847,0.14789355942876012,0.8371785965165586,0.008483853805269176,0.0056822992482227315
N3,0.0009458463202124312,0.14954852726185633,0.8334445571368345,0.0065932418081393745,0.009467827472957425
N3,0.0031359464662511502,0.35650126832071927,0.595071168360253,0.02381554909903402,0.021476067753742636
N3,0.000864806867256711,0.12433920769789783,0.7948482613635933,0.07560957977153604,0.004338144299716121
N3,0.0010796543688756676,0.10182746309070637,0.8511654727089096,0.037198314080592085,0.00872909575091605
N3,0.0007774582622073979,0.09602006610258998,0.8723364231343547,0.02769202203920358,0.00317403046164435
N3,0.0004606633189523058,0.0716876145807692,0.9234913142577499,0.0018445984728250391,0.002515809369703422
N3,0.00117103138059051,0.17443853773916085,0.8179129302124785,0.00025081821495536637,0.006226682452814778
N3,0.0005919711314381744,0.11328312630579365,0.8799305505887587,0.0019810614463083034,0.004213290527701282
N3,0.0005268293645631321,0.13738534091517435,0.8582594390749196,0.00018457245649647163,0.0036438181888464464
N3,0.000840250602963313,0.18579567096675034,0.7891473436882659,0.009492664953907314,0.014724069788113116
N3,0.0010506651386072202,0.12792822907012025,0.8484990366781421,0.007895588950377409,0.014626480162753046
W,0.02406524048160839,0.08320175298748078,0.000811344345269738,0.11745724198968388,0.7744644201959572
W,0.006294318322539026,0.039352094435227636,0.10716096170789821,0.31116724864327455,0.5360253768910606
W,0.040122925876328715,0.08102683816921868,0.0031712371440619776,0.009276522888863286,0.8664024759215274
W,0.04578289512174975,0.11635697165036804,0.0017312429553435246,0.023544539509723763,0.8125843507628149
W,0.006825880986239338,0.024823761729847182,0.00145867018693093,0.012149738298348065,0.9547419487986344
W,0.0045558659027849745,0.00970493422155446,0.00024143013215533927,0.052163179238722095,0.9333345905047831
W,0.011250730191124074,0.06852162760687373,0.00499574147830185,0.08184464479346838,0.8333872559302319
W,0.009976741834494382,0.027070968017721773,0.010875925203883592,0.04789795659940024,0.9041784083444999
W,0.003989067146342052,0.02546257108057652,0.0105163681661495,0.10896450716053005,0.8510674864464018
W,0.13407212345597266,0.2067249831579753,0.020441611023177295,0.0442547157545289,0.5945065666083459
N1,0.4234754801140824,0.1610446960326294,0.00027000338575569236,0.026425035056229697,0.38878478541130274
W,0.23701902564955718,0.035883605792163015,0.0030708736789439397,0.010878847069029439,0.7131476478103065
W,0.016134689980153487,0.028162558500276,4.1836156505150395e-07,0.011835704546895786,0.9438666286111098
W,0.09172538920215022,0.04976670942576627,0.00036568560758613877,0.022266255286810418,0.8358759604776869
W,0.14130484386753583,0.2769639198344182,0.0014792169871080364,0.026645647789783008,0.553606371521155
W,0.14943932387674666,0.11280954377963508,0.0016632564265624402,0.059198418173315254,0.6768894577437407
W,0.025233374281492773,0.025589017212356686,0.003233036111519535,0.05850364427405249,0.8874409281205786
W,0.3089390325627296,0.05706468134415573,0.0007511928030342474,0.07791370589496018,0.5553313873951202
W,0.1935967452985671,0.0873183020337717,0.00015864744251351817,0.03528577437681157,0.6836405308483362
W,0.12463062382547864,0.08597430206448085,0.010352523923843211,0.008172338324547723,0.7708702118616495
W,0.028571609422759065,0.04723281575603398,0.0002705448344748995,0.014155520116896202,0.9097695098698357
W,0.0210974991626581,0.04678573117155977,0.0010293459658309008,0.019437924426287105,0.9116494992736642
W,0.21392273011512108,0.13048714084600846,0.0005879433553803549,0.039272370310869026,0.6157298153726211
W,0.312337441628503,0.15732004944664696,0.0004803581079290205,0.07917880639262584,0.4506833444242951
W,0.29358763430541307,0.16832493894280035,0.0004278108851709531,0.12893446963150984,0.4087251462351058
W,0.24704429408888778,0.18348734368637246,0.0015695487860104232,0.04069006846706397,0.5272087449716654
