Stage,N1,N2,N3,R,W
W,0.1082098011365474,0.011490144404411278,1.1771534899667031e-06,0.018749283563973873,0.8615495937415775
W,0.0027667853775036667,0.0004796216837336642,4.672838259441496e-08,0.0005238729540168581,0.9962296732563631
W,0.001828689918259913,0.00013400479708358882,2.9688890393529982e-08,0.0007999616321967434,0.9972373139635694
W,0.0014137185862462996,0.0002286585855083038,0.011225104894539631,0.0010507219359189612,0.9860817959977868
W,0.00029959393749829456,0.0003121355098053455,3.512210190242934e-06,0.0007943674402126417,0.9985903909022935
W,0.00015465012264009414,0.0016821432388383132,1.1372019810508977e-05,0.0004024006744543257,0.9977494339442569
W,0.008653995268627649,0.0291727841674551,0.0019055228749740776,0.0009949021403378921,0.9592727955486052
W,0.14771718867673608,0.07396626850218656,0.004035704688360441,0.014215770561671913,0.760065067571045
W,0.1411338301151127,0.03573438214901928,0.06836186683032988,0.042323978552047455,0.7124459423534907
W,0.06570893741007049,0.14651992722592427,0.009588640808439299,0.003427695607257325,0.7747547989483087
W,0.041625817416733144,0.14693533253499236,0.031397706113299395,0.0025359564045031842,0.7775051875304719
W,0.027671814466269155,0.07752701845503134,0.01625410941739853,0.0036890645514875706,0.8748579931098134
W,0.00826676112413997,0.32736908242305807,0.04663838884567532,0.001423792779210094,0.6163019748279165
N2,0.017515152820341946,0.6328341774137064,0.06552192509297476,0.004805978331967215,0.27932276634100955
N2,0.04907353745228303,0.7008732055970774,0.04557220150845773,0.0032290364861885927,0.2012520189559933
W,0.01397690443812908,0.3823726930482139,0.056465414821647276,0.005643338743029242,0.5415416489489805
N2,0.057775578793013094,0.7684689185741456,0.07447689094061812,0.008349177585242309,0.09092943410698093
N2,0.028956500269050264,0.7651323654411315,0.04960240769944767,0.0043393842872700575,0.15196934230310066
N2,0.04524448932072892,0.6421952477652708,0.038023168867539925,0.020677997929058046,0.25385909611740237
N2,0.04428591253516793,0.5683460155238186,0.10541636707880628,0.020853439203756187,0.261098265658451
N2,0.040369966677793655,0.8543065934906221,0.021358682526831898,0.007984920673855724,0.07597983663089646
N2,0.035754437974194295,0.5120213540683337,0.06282256629573692,0.005976997917304692,0.3834246437444304
N2,0.10287770326373641,0.5631628878446916,0.06137176183153758,0.006984727512293015,0.2656029195477415
N2,0.026806680403179007,0.7142904963026998,0.17891818609980065,0.0016966666550605367,0.07828797053926005
N2,0.06398345693678907,0.6271731292096118,0.1637632668745225,0.012399833564699501,0.13268031341437714
W,0.02884993182608262,0.2566787690152605,0.0266202306532895,0.00279742544883721,0.6850536430565302
N2,0.15458482103907817,0.7492864348228422,0.011879814510105276,0.04076322435584272,0.043485705272131726
N2,0.0775443183607755,0.894860677909291,0.0026578046398134927,0.007389749613240458,0.017547449476879477
N2,0.050975568567943885,0.7593882493861792,0.11423361090622777,0.005975848305299683,0.06942672283434945
N2,0.09418776926939164,0.7156464926344394,0.11160380630313266,0.020203730030588146,0.058358201762448145
N2,0.04882114994033828,0.8485104319855478,0.04319038378597199,0.004964949052727568,0.05451308523541449
N2,0.05199535460975466,0.8332523583528741,0.03008729632350492,0.013456341860896186,0.0712086488529701
N2,0.0493476243375459,0.6610076795888732,0.018114195601917526,0.0013731905870015741,0.27015730988466174
N2,0.16493412272506394,0.5514150578525205,0.014306940269106401,0.019139421925666596,0.25020445722764256
N2,0.3175488091499677,0.5087750578327048,0.04656583239429925,0.06423593839252184,0.06287436223050652
N2,0.03536273735855367,0.8527599980636463,0.06061228617640523,0.01481246517388237,0.0364525132275122
N2,0.02069559169368764,0.6863963285262175,0.22288396365337712,0.03275673086739897,0.037267385259318664
N2,0.07864329162085903,0.7543946955551627,0.058652175842280684,0.03577592302221557,0.07253391395948207
N2,0.05863088287860389,0.7693141739628329,0.07265432883806822,0.031587249932508034,0.06781336438798702
N2,0.012065804584890646,0.7562489147447341,0.18677475264863969,0.011438789256142471,0.033471738765593013
N2,0.04158252486668593,0.7962307784571578,0.09010673156794277,0.014655645712711607,0.05742431939550188
N2,0.043974801607404836,0.440246727190177,0.21704863177092212,0.04066362440564432,0.25806621502585175
N2,0.04152889857109511,0.8037254776065367,0.09261212269273875,0.018607409091480526,0.04352609203814909
N2,0.015476744411460222,0.5963944003058178,0.32714794194748964,0.010173871060055165,0.05080704227517708
N2,0.1444805242019936,0.5780413793232506,0.029355200460257747,0.012379845908443158,0.23574305010605492
N2,0.1312857866089107,0.7359644794496083,0.05882641154790785,0.0397562794834443,0.034167042910128884
N2,0.1351835529420765,0.4684404294438066,0.09450021885579304,0.007065497431400382,0.2948103013269235
N2,0.2116342875737434,0.7024271018785386,0.047221424663336904,0.008327882930510556,0.03038930295387063
N2,0.13784913356828066,0.7842925761125975,0.04806536120015999,0.0072276375227659055,0.022565291596195948
N2,0.1105608202522291,0.804380144049103,0.06983546887601157,0.004497847066385558,0.010725719756270732
N2,0.032931039506694376,0.8928607934928054,0.0515491499326689,0.010780191916972015,0.011878825150859357
N2,0.012663521884397008,0.7542545788752426,0.08174531323668728,0.0069400139419633754,0.14439657206170978
N2,0.03178701092957062,0.6360495171249143,0.09641071600042225,0.003975879337760638,0.23177687660733226
N2,0.017733207242651657,0.865605307976734,0.09768375619604999,0.0036950847626262802,0.015282643821938217
N2,0.010646548708731525,0.749052182090822,0.22176315277602102,0.0048983188521754895,0.013639797572249767
N2,0.005207408462007912,0.6393904754077582,0.3354255591035864,0.00813572138398922,0.011840835642658329
N2,0.010377518015696256,0.8166328938681454,0.15726831456059492,0.004707851095676468,0.011013422459886948
N2,0.0061565564789995185,0.8015962341703871,0.1784795357536328,0.004480954142518907,0.009286719454461882
N2,0.004963215212788851,0.7446299413061891,0.23665565946472258,0.003043390622223278,0.010707793394076081
N2,0.005651398316375125,0.7039836962697322,0.2764388232577549,0.003094267166921057,0.01083181498921677
N2,0.003030347316224104,0.5181960098832925,0.4648193609920538,0.003890638856720849,0.010063642951708685
N2,0.014649904078860866,0.7075072459298467,0.2574321390127395,0.0049724489998646095,0.015438261978688242
N3,0.003020052797129754,0.48210132018378965,0.5003999006445476,0.0032801670907913034,0.011198559283741695
N2,0.07377847559829405,0.6587402641659943,0.1311318799126896,0.012853643060447095,0.12349573726257491
N2,0.012241155486781638,0.6461068761410909,0.3151373618928907,0.006306955491421049,0.020207650987815892
N2,0.00808517010681566,0.5424301255479577,0.4192940992704936,0.004876178136626262,0.02531442693810673
N3,0.006683280622029255,0.3568118308509082,0.5681669118439406,0.009917902651686437,0.0584200740314354
N2,0.0015746422364959262,0.5655928923999689,0.4104273100004392,0.008440067763942646,0.013965087599153273
N3,0.0016488679838085212,0.29585262175012933,0.6177463313009235,0.004283606220793536,0.08046857274434512
N2,0.003562926932218965,0.5423986456902404,0.40306643311403506,0.002581594144911811,0.04839040011859364
N3,0.0007545593683550465,0.20944093824662702,0.7537068207339416,0.0007656643208122532,0.03533201733026428
W,0.04398309950838657,0.12442570320731161,0.010307858259247472,0.118918431563724,0.7023649074613303
W,0.06804035475744073,0.3013648810292741,0.0932851566740638,0.05647911918442923,0.4808304883547922
N2,0.04618881407551113,0.43463422586599915,0.18463364902622129,0.05439009540549285,0.28015321562677564
W,0.03649132189638382,0.05842988912014773,0.0060736182056704445,0.13350770235189247,0.7654974684259056
W,0.06412984752951516,0.17133415832035961,0.09029155189925041,0.04580814806245867,0.6284362941884162
N2,0.04442518002324689,0.49200689312711243,0.29440868388315805,0.03273990101118576,0.13641934195529679
N3,0.008891215544118085,0.10082601054588655,0.8376095888017,0.004700574807399375,0.047972610300895786
N2,0.027908267586006286,0.6683077035954226,0.25447514511595926,0.009315456811996886,0.039993426890615025
N2,0.01478685973863784,0.7767275806703441,0.18968311415453648,0.0032275641043797345,0.015574881332101867
N2,0.014789609765731715,0.8026942148891162,0.15568522030356963,0.005157433628314855,0.02167352141326764
N2,0.005539330269452647,0.5890151370205564,0.3863945397425661,0.003529299203446367,0.015521693763978495
N2,0.007458724723324909,0.6815940734319408,0.2771993733320349,0.016305441613357886,0.01744238689934161
N3,0.002435884621091834,0.3638026200744712,0.6165953320255557,0.007309348770407569,0.009856814508473482
N3,0.003036079759227718,0.4284587617509666,0.5550888184467424,0.006054754140918592,0.007361585902144739
N3,0.0009451776855083039,0.26228999073971077,0.7278637639056544,0.0028101250564003177,0.006090942612726205
N3,0.0022095170607255607,0.2919630227183184,0.6891783904007087,0.005286688771204341,0.011362381049042818
N3,0.000887122355774707,0.1939628299662798,0.7990869555454523,0.0017652655144120566,0.004297826618081318
N3,0.0008155852263239285,0.17051726346623358,0.8222495335181194,0.001260015486105173,0.005157602303217907
N3,0.0013044031790651462,0.1914417705550273,0.8011745531465447,0.0011588952039265493,0.004920377915436218
N3,0.0007048527110101025,0.12219861580335542,0.8727936351520594,0.0010173658764032229,0.0032855304571716
N3,0.0008678223540015081,0.1659265842147132,0.8268855192274586,0.001340078136057718,0.004979996067769016
N3,0.0005739195005093547,0.10960665336363316,0.8828108734259436,0.0011463473361396747,0.005862206373774134
N3,0.0007838854334946615,0.13677482349724956,0.8535474705070641,0.001279101140267851,0.007614719421923752
N3,0.0014070746458844244,0.19771512031865116,0.7897302375191895,0.0019272399091737906,0.009220327607101203
N3,0.0015130544728605975,0.24555638403239521,0.7367310954062325,0.002186276261300842,0.014013189827210861
N3,0.00105271426088446,0.16748021110585798,0.8238163412570125,0.0012634637802393966,0.006387269596005663
N3,0.0009028361001022663,0.15593480385931952,0.8264223656199844,0.009840570784987363,0.006899423635606513
N3,0.001038615676535533,0.1461909499424003,0.8442619620381974,0.0007376268809268267,0.007770845461939858
N3,0.0029121652744373513,0.4055415929374385,0.5481093687664947,0.0037049550040040412,0.03973191801762524
N3,0.0012083545285511083,0.1591301065579801,0.808567290665034,0.019493932224831922,0.01160031602360301
N3,0.0012824447221550033,0.15000858899222114,0.7892161247352382,0.04324928276791649,0.01624355878246916
N2,0.01167431498181402,0.34277941100450554,0.18065701261067993,0.12552522060090485,0.33936404080209565
N3,0.007609067526295818,0.46165408562008753,0.47788880604260037,0.00899622969282464,0.043851811118191614
N2,0.01721044840369941,0.45526127226568386,0.3735774055452372,0.11620512497568675,0.03774574880969291
N3,0.005396524383241581,0.3496664514522342,0.6164526487878818,0.0071764712739880755,0.021307904102654478
N3,0.0034074382594979948,0.337193817790872,0.6306301727880107,0.0058655041661882495,0.02290306699543106
N3,0.0016050505661488346,0.2064724380471821,0.7702277391141243,0.006078905951139473,0.015615866321405226
N3,0.0017079324964517904,0.35891420445478583,0.6176385410906616,0.004888832738826844,0.016850489219274033
N3,0.0011450551013615265,0.19932882023917078,0.7135759205238401,0.0703794106856332,0.015570793449994236
N3,0.0010909814526259593,0.16178627666090695,0.8191494708211924,0.002303431013693777,0.015669840051580994
N3,0.0007140106251307466,0.09443833713612139,0.8664328801024831,0.029878252695685687,0.008536519440579126
N3,0.0013603512288482076,0.19063629917190475,0.7873291772678094,0.004492546487425469,0.016181625844012233
N3,0.00043143505718960356,0.07724780154708359,0.8934370883218049,0.019555745949972662,0.009327929123949337
N3,0.0017115619686675486,0.2379722001850922,0.737596309981414,0.0063414148502450385,0.016378513014581347
N3,0.002064252802723763,0.21527785896486426,0.757292419339332,0.004078473390193401,0.02128699550288662
N3,0.0010272700638336249,0.10746152046977417,0.8527113290209748,0.029877754372748363,0.008922126072668927
N3,0.0007914536101295729,0.13804281786819014,0.8462196821598197,0.0016510291072433854,0.013295017254617108
N3,0.015451937954395893,0.12937047214320346,0.5762129403889099,0.09981555448853603,0.17914909502495477
N3,0.005832541083567394,0.2609941079994071,0.6835384608421174,0.009976696491063329,0.039658193583844564
N3,0.007672544305920602,0.38075059371058223,0.5436876626621914,0.009178716572135513,0.05871048274917033
N3,0.009365447607573747,0.41102460672659474,0.5421351545906298,0.004690018395218943,0.0327847726799828
N3,0.0037018955912226695,0.4700384743411143,0.4932037192442203,0.002484498336963652,0.03057141248647916
N3,0.001490842079639371,0.27497400122054444,0.6803662035342264,0.014991034150508826,0.02817791901508085
N3,0.0027568901867463863,0.3986041198084243,0.5632430087178251,0.002934022188238727,0.032461959098765494
N3,0.001769097078708031,0.28960757221405625,0.6773497908801309,0.004117583028952822,0.027155956798151946
N3,0.0010046232651961555,0.2228645265617821,0.7648498241370589,0.0008837162716168461,0.010397309764345851
N3,0.0016545425209278043,0.28765175265626874,0.690936013113774,0.001987803502444572,0.017769888206584917
N3,0.0017237128494264884,0.2655265611172911,0.7198011596400462,0.0013333747521485776,0.011615191641087654
N3,0.0012797170467281373,0.20520949547394454,0.7817212227501266,0.0011659322461414943,0.010623632483059255
N3,0.0010013755256146825,0.13236261335680394,0.8581443740618201,0.00038753392556279916,0.008104103130198588
N3,0.0010840809476385287,0.1487121231606902,0.8447648592554706,0.0005321693375344249,0.0049067672986662075
N2,0.03656795885663681,0.5501469721846044,0.28754817447357306,0.0036392261285111823,0.12209766835667464
N3,0.005013967093922079,0.2695354427070561,0.7012045993199292,0.0009284380239525749,0.023317552855140183
N3,0.009582067269174396,0.3106480607513646,0.6372681522822085,0.01932361848931565,0.0231781012079369
N3,0.008958893619363046,0.381420268359273,0.5753805672894506,0.0012569866058442793,0.03298328412606906
N3,0.0029071358519305967,0.34373990641429175,0.640236181738694,0.0008635624454552201,0.012253213549628335
N3,0.003201748479068919,0.2907756400776974,0.6951487963215133,0.0006223884075185102,0.010251426714201805
N3,0.0028723372661671825,0.4052004230692653,0.5825363449571658,0.0012916087114764588,0.00809928599592546
N3,0.008433147630117772,0.45546175950650925,0.4940674357444605,0.01125056921157018,0.030787087907342314
N3,0.008264417606322813,0.32768408004472677,0.614529968216407,0.01262162915194454,0.03689990498059859
N2,0.016749029603392813,0.4770891237040912,0.26522672869006825,0.08785330924645074,0.15308180875599692
N2,0.011017209913422485,0.5684998467433501,0.3737717995141748,0.006188650579308877,0.040522493249743684
N2,0.02811922000387363,0.7308246264519311,0.17235029022437603,0.022106846245602572,0.046599017074216785
W,0.02419087365818949,0.11117950763160275,0.0190100364830295,0.05518164932053075,0.7904379329066474
W,0.04778642806150739,0.13032315269972367,0.0023724032451208407,0.08022115445170644,0.7392968615419416
W,0.06139772927922664,0.07661316675170217,0.022315993982054864,0.004669479703297346,0.835003630283719
W,0.10111125834378408,0.3242639197469834,0.01601589243430191,0.04327178995159565,0.515337139523335
N2,0.155090161188858,0.4976714429138418,0.008255748938139958,0.023581322301685165,0.3154013246574749
N2,0.15117501572960274,0.6361685599825369,0.037464560639962785,0.021987231814086985,0.1532046318338107
N2,0.05663204448804479,0.8562756043982369,0.023307394500342377,0.005687136744843755,0.05809781986853194
N2,0.05436567191645491,0.6899021049332614,0.1166898970811282,0.007211337110109582,0.13183098895904596
N2,0.039980735248332545,0.6386122189310401,0.10333787434484046,0.024976497690487903,0.19309267378529896
N2,0.02604280035632048,0.7628889968003583,0.04896921486873795,0.010134517865003315,0.15196447010957978
N2,0.06383142346435418,0.7674504600688252,0.05639810429611419,0.01605887709964433,0.09626113507106196
N2,0.048551183294775466,0.8501312803468787,0.026943737247632684,0.014121768272211632,0.06025203083850159
N2,0.02681112980862433,0.8662005952891862,0.033430083308764284,0.007223144287370398,0.06633504730605479
N2,0.026878256552713354,0.8056603329369625,0.0605324713841063,0.009675876843929372,0.0972530622822885
N2,0.008092954845197176,0.45084502359676126,0.13477511906595982,0.027552848629439085,0.3787340538626427
N2,0.013781100947955602,0.585318432444036,0.10305237083982718,0.00213894683230611,0.2957091489358749
N2,0.010365039204948402,0.5011694764920851,0.04055680229747838,0.0022764510026160247,0.445632231002872
W,0.006862677568399014,0.3132960109823021,0.00837796855527615,0.006463720679545081,0.6649996222144777
N2,0.026260817259190924,0.8640216152301756,0.03998657229700869,0.005266501857744323,0.06446449335588031
N2,0.04640277587123805,0.771307199534703,0.025927009008064092,0.011029429860102215,0.14533358572589278
N2,0.05652974364659895,0.7601554364195133,0.04788183120974698,0.025100899449051986,0.11033208927508878
N2,0.02199168848935317,0.5604425467856526,0.04907085609093297,0.23268871687247164,0.13580619176158962
N2,0.024401802281696822,0.7884229215594937,0.0716049827145432,0.03476265997523699,0.08080763346902928
N2,0.02203721960395551,0.6019471162696763,0.05245248900704489,0.21388619298950828,0.10967698212981487
N2,0.010424353248169477,0.8317154196912869,0.10242529359988453,0.019102873919835034,0.03633205954082404
N2,0.004524416040911776,0.7738282068043606,0.1493191153663697,0.0390633140917027,0.033264947696655126
N2,0.012101118059244562,0.7961961729933162,0.06237134183810377,0.07924415000964612,0.050087217099689385
N2,0.006808417532720267,0.5296909724437059,0.04718866243191655,0.3882685581302857,0.028043389461371648
N2,0.017367156847747433,0.8115105111230506,0.0860948414020975,0.048756157150053964,0.036271333477050485
N2,0.017134789260291088,0.7428290666073023,0.08869064322865962,0.10425030339870531,0.047095197505041604
N2,0.008334776318062995,0.7629773759499617,0.1543708259636197,0.04392626505412133,0.030390756714234284
N2,0.01902700577052689,0.5887681457827748,0.10435121986806045,0.254883766757268,0.03296986182136976
N2,0.00781583651268089,0.521713233277284,0.20884681951666706,0.22053262664264403,0.04109148405072398
N2,0.009726401867887856,0.7644009144268638,0.12086336262882316,0.049933496653908505,0.055075824422516684
N2,0.010012966754042696,0.6896252338216949,0.19837339719692587,0.05588106130359154,0.046107340923745
N2,0.011693230622422784,0.5815015904294188,0.326010488736038,0.058106572416342754,0.022688117795777587
N2,0.008807481334639216,0.5978268050650145,0.3116710949265235,0.06824090987004634,0.01345370880377642
N3,0.0009277192360198933,0.16101231827989185,0.7839390988879952,0.05076511988123681,0.003355743714856413
N3,0.0033912234255515606,0.37011535864448486,0.5976615044123542,0.02151002074525826,0.007321892772351053
N3,0.001024020085742363,0.20502201815322468,0.7568847635944751,0.03175534002306292,0.005313858143494823
N3,0.0006405876772669753,0.1295273296179843,0.8482424939544788,0.016946097437428986,0.0046434913128408205
N3,0.0015613243662862474,0.29157267195607567,0.6791022925889849,0.019881860506893327,0.007881850581759765
N3,0.0006540045167582684,0.17837936086275857,0.8067165477311995,0.009180483296729316,0.005069603592554221
N3,0.0002114621884020975,0.06291746563047168,0.9270855177621126,0.00604020157780598,0.00374535284120768
N3,0.00011801256138906223,0.06684017877050459,0.92833407785581,0.0032286906435183694,0.0014790401687780883
N3,0.0002826615599219284,0.09102101788035226,0.8897932650895417,0.010487319238271646,0.008415736231912616
N3,0.0006339026231875609,0.14401688636325433,0.8393985671971228,0.010248586394346735,0.00570205742208854
N3,0.0009040256092426711,0.24702280338677815,0.7273936551731442,0.012489280603618176,0.01219023522721665
N3,0.0009206045947064461,0.3120491028120741,0.6536037706352115,0.01562644053396187,0.017800081424046044
N3,0.00162367317375647,0.25595458009267114,0.7032102528591879,0.021013743298880602,0.018197750575503813
N3,0.0016124440548111719,0.21201220026333825,0.7444013904545081,0.027127970536779313,0.014845994690563052
N3,0.0007436203219118119,0.09022658567841377,0.8782663850412639,0.021163234420089015,0.00960017453832139
W,0.03537117477533241,0.15014472508830476,0.004526162850130594,0.06278209864925957,0.7471758386369727
W,0.049710147618976845,0.24306581727925777,0.01699106715301715,0.11715351456759118,0.5730794533811571
W,0.04940592236404504,0.321216241407712,0.09006025470237741,0.010441927947098275,0.5288756535787674
W,0.017746906216707638,0.1390866244916321,0.03694089156644417,0.001745665575328194,0.8044799121498878
W,0.06531285513300726,0.15479329498534558,0.030335957106822083,0.010239193542297426,0.7393186992325276
W,0.05915076666829446,0.41231578735679425,0.02146768401844921,0.026634455874580493,0.48043130608188156
W,0.15552351744527013,0.03324600019811003,0.009856310364473878,0.05095354347394232,0.7504206285182036
W,0.1031063560659022,0.021706523755117457,0.0053514834871490995,0.04746321643850898,0.8223724202533224
W,0.26597439374301163,0.04131715972552792,0.0041230051339991814,0.059063846703565,0.6295215946938962
W,0.15482535406706882,0.02104591632618857,0.004069589182294897,0.061900572318746475,0.7581585681057011
W,0.1273844677076096,0.03840909353995263,0.04219828063700696,0.06119952285684944,0.7308086352585813
W,0.03140428016516038,0.009650367306366883,0.006923628964886719,0.019981621916545865,0.9320401016470401
W,0.06530049438238086,0.2309849192525069,0.042157278735850665,0.06643991147094987,0.5951173961583117
W,0.07047239307181476,0.23677524753755375,0.014856048376917988,0.07615598153906182,0.6017403294746517
W,0.0811416988363145,0.27136492114232463,0.020695886745656224,0.08752939892832305,0.5392680943473815
W,0.1495923960527842,0.3762833722133882,0.002620584368567967,0.055630550654786316,0.4158730967104733
W,0.18744699141354196,0.20918750293659658,0.002497471339134413,0.062357704176112805,0.5385103301346142
W,0.2500776503620698,0.21464585907349307,0.004326595655082718,0.04586174294511199,0.4850881519642424
W,0.2914789573542617,0.19488717691841445,0.0029670405171647995,0.05235482855500374,0.45831199665515526
N1,0.4049504152209884,0.27871197392700575,0.0013241933113278229,0.04402006004519406,0.2709933574954841
W,0.2209873380468141,0.23718131848398574,0.0023293488753817495,0.09867511719304668,0.44082687740077153
W,0.20139321709724695,0.1520037708446534,0.0011866146758716571,0.11259616820027979,0.5328202291819482
W,0.29213401498413005,0.25263617829592483,0.002947799223610272,0.10944859054110391,0.3428334169552309
N2,0.1539508530060105,0.3360886363142883,0.2019585799315761,0.08140773588233922,0.226594194865786
N2,0.1387056323170013,0.40632531487177814,0.004582836927672431,0.1081083189878064,0.3422778968957418
W,0.11294629314058914,0.38918660132294497,0.0026786534708031114,0.06344978170731654,0.4317386703583462
N2,0.11737899876891586,0.4797996042704726,0.021827904516725033,0.10874688709486405,0.27224660534902234
N2,0.1024695929214663,0.5063183899739299,0.0016479569494034431,0.03887729897120953,0.35068676118399095
W,0.19303613619968413,0.3059488439795968,0.0020549768480933833,0.06669149463076435,0.4322685483418612
W,0.11306564123799691,0.1574481331296008,0.004029826287815203,0.0914497143836062,0.6340066849609809
N2,0.15139191537812904,0.6227748044202468,0.00116345695506585,0.05007819737316826,0.17459162587339008
W,0.13568109307671006,0.32955695466966717,0.001059339399480575,0.06361420378801746,0.4700884090661247
N2,0.12710639901935844,0.4491396725399878,0.0026926751694060546,0.05483746492321235,0.3662237883480354
W,0.1548371954029815,0.2178816815838483,0.005785757534728426,0.07731193267797672,0.5441834328004651
W,0.13144853078569552,0.331878462428704,0.0021684440493076875,0.06055901516615105,0.4739455475701418
W,0.10116692160650248,0.2761983992388985,0.0011400969580838373,0.07474326613161264,0.5467513160649026
W,0.007135602902846637,0.022556979461366634,0.003124017626822966,0.005294130167352762,0.961889269841611
W,0.08970502758000685,0.04044208584037346,0.004526377333722586,0.012441071640291667,0.8528854376056054
W,0.10379054814340911,0.20017523031978893,0.011369964315354067,0.030336161026579895,0.6543280961948679
N2,0.23179939693995466,0.42260285836103134,0.00928731835368485,0.024682855321526878,0.3116275710238023
N2,0.13125374033425677,0.6624560224508534,0.015359996349878053,0.032441297962749305,0.1584889429022623
N2,0.06322709651025107,0.7637793751589741,0.009470137031917696,0.062333402326338265,0.10118998897251887
N2,0.1116812501675076,0.6705264574639691,0.00465252734306561,0.09881918180374176,0.11432058322171601
N2,0.04975598602887558,0.791811491080933,0.0032415778212727575,0.08979172953644364,0.06539921553247498
N2,0.04031883154798287,0.4458103602209831,0.003045507248102492,0.44331070716480697,0.06751459381812477
R,0.07644774960986543,0.43362770481390883,0.0066278800041771275,0.4371140409702701,0.04618262460177839
N2,0.186500990903632,0.6097480476800919,0.007087637199344159,0.12339281232762178,0.07327051188931012
N2,0.11734160447774517,0.7418546247957718,0.016735558868766272,0.07210176563132908,0.051966446226387644
N2,0.18569980300527733,0.5939130021818673,0.018769509579116942,0.09046989787222509,0.11114778736151348
W,0.05335729753886804,0.03753850256169326,0.0014398706325667505,0.10336733995199456,0.8042969893148774
W,0.09861865610108458,0.11504860983107261,0.001664626323667745,0.013268616589240006,0.7713994911549351
W,0.3763457034844969,0.09168034799156247,0.002549087200899139,0.022395700048752555,0.5070291612742889
W,0.18378977776897099,0.05984843431222235,0.0006574777672589089,0.018179509200736053,0.7375248009508117
W,0.06769583923247272,0.3122516058993887,0.002067052380091649,0.01416933008650406,0.6038161724015427
W,0.09914834816793276,0.3503716648879573,0.0021787160513574333,0.015189891223006204,0.5331113796697463
W,0.16028195713817314,0.21390082934579857,0.0011240372433366447,0.08048696555728765,0.5442062107154039
N2,0.20067363082076164,0.42650757229586156,0.0014260992971311484,0.04020448879720735,0.3311882087890382
W,0.22234802557909952,0.3118739451659017,0.0010724923871122413,0.03498956424781902,0.4297159726200675
W,0.21837105343329935,0.27488920671340716,0.001136245170887433,0.10616505326166659,0.3994384414207394
W,0.20699476991529936,0.261084611495478,0.0008185325235282619,0.11088373933818574,0.42021834672750863
W,0.15090908611155068,0.3471083307202836,0.0015171828875615327,0.12661504806281562,0.3738503522177887
W,0.1808009064713745,0.20870921911092608,0.001074986149457584,0.20772628083969213,0.4016886074285497
N2,0.15011406303900204,0.4293192217552958,0.0006020491143891348,0.11547385734310799,0.30449080874820506
N2,0.17070557373814027,0.4154088526898976,0.000670651134223629,0.1350868871771175,0.278128035260621
W,0.15735795189931281,0.33940472861134896,0.0010479860019627417,0.132716044942079,0.36947328854529643
N2,0.17485835122024707,0.4015178420010879,0.0009923845689190432,0.14624030969294163,0.2763911125168043
N2,0.1556897296989197,0.42680075709377135,0.0026398788609017566,0.19095053894180614,0.22391909540460106
N2,0.14703525645803656,0.594648259847413,0.001023816543844689,0.125625023457922,0.13166764369278372
N2,0.10793095665371767,0.7080581250896522,0.00908451152824846,0.07597239545398658,0.09895401127439511
N2,0.22546509729259245,0.5056754938469344,0.0013516016021573425,0.11145253557211832,0.1560552716861975
N2,0.14571659482678023,0.6008428652558254,0.0019741946024760277,0.15309621665302964,0.09837012866188866
W,0.01153318350930631,0.10499305509141135,0.006986381753066258,0.021084949380492747,0.8554024302657233
W,0.07859253558253763,0.2146417117313097,0.009315064226915599,0.035026823735606956,0.6624238647236301
N2,0.2452916946753738,0.5375361440067027,0.003050511144100814,0.0753378818410846,0.13878376833273812
N2,0.30816725962510094,0.563528668761853,0.002218704105586176,0.052805660515498745,0.07327970699196114
N2,0.16556992660579198,0.7942973997673574,0.0008708567665102728,0.023430300419426092,0.01583151644091428
N2,0.18191382774226197,0.7778761977664168,0.0028154981724890812,0.020209638639819765,0.017184837679012403
N2,0.022704629217194038,0.9526781910321565,0.001686357866563492,0.007044838391200464,0.01588598349288558
W,0.04619191003269717,0.16597510570145585,0.009193730978895498,0.17826783820763328,0.6003714150793181
N2,0.056549958743405584,0.786267326390065,0.05109686431803996,0.02910209300448997,0.07698375754399937
N2,0.13611362787909784,0.6698749172758929,0.007332211231773253,0.05350888016306585,0.1331703634501702
N2,0.1749654441917999,0.6932292102839762,0.008555791246411882,0.058822378959610934,0.06442717531820086
N2,0.08137489833657835,0.8313480532758694,0.004306261714864559,0.04663829450488664,0.03633249216780129
N2,0.044758115053404546,0.903460506388887,0.009436559405995698,0.01797017045323922,0.024374648698473462
N2,0.03543640720966846,0.9178353027136449,0.006477768474393298,0.023374643557877182,0.016875878044416245
N2,0.03789115964244179,0.8914076713788052,0.021775209991820095,0.02752204338650863,0.02140391560042436
N2,0.037795165858613776,0.9040058388587018,0.007982677303414247,0.03266555528330662,0.017550762695963548
N2,0.02045005180281911,0.9164603385858038,0.015269863035567799,0.010890613221470233,0.03692913335433932
N2,0.010908594353150967,0.918330381241646,0.043203887183154474,0.006918223328314205,0.020638913893734415
N2,0.012160534436167016,0.895772407607131,0.06991703758419135,0.0057771045196957,0.016372915852814855
N2,0.026430136806338177,0.8860007269198565,0.05129759326851075,0.011588068827008961,0.024683474178285484
N2,0.013379696332589926,0.8834181490233594,0.04267642063542165,0.01735786375877166,0.04316787024985741
N2,0.01721326034113343,0.8850287508708076,0.054514704570816724,0.019253342582116254,0.02398994163512607
N2,0.04792431816663877,0.8439458862967859,0.005052494455878871,0.015384676274714135,0.08769262480598217
W,0.011927034523836576,0.03760885936247416,0.005494337200272212,0.10691015433467725,0.8380596145787398
W,0.01480149493825067,0.03480798896277865,0.006342248428309712,0.26590482612321753,0.6781434415474434
W,0.010251393154991895,0.029393372868798517,0.010064522058490646,0.06715730965794932,0.8831334022597696
W,0.01711676478212927,0.03867026151095746,0.005447173574171798,0.0031836692098555462,0.9355821309228859
W,0.037040805601772864,0.19351848288384957,0.029790847271316593,0.018842227533963,0.720807636709098
N2,0.04632170838289628,0.6537524694889807,0.041937679552223446,0.018721239216125115,0.23926690335977446
N2,0.10215407723035153,0.7771484468292171,0.008468168450803155,0.013666852982020911,0.09856245450760742
N2,0.10608429866886003,0.7737407654520233,0.013412204818970484,0.004633627489150285,0.1021291035709957
N2,0.09094757836014893,0.8763757126489256,0.009070620725986057,0.0025849472169097998,0.021021141048029754
N2,0.09076166416809063,0.8502663759009284,0.005789641667573923,0.0044680528904169296,0.048714265372990034
N2,0.06436473097802446,0.9107862530703188,0.003252974797093718,0.004398981445870168,0.017197059708692813
N2,0.09377100025395346,0.8864934840435093,0.0021074551963012537,0.009676486323243434,0.007951574182992477
N2,0.0843169798795565,0.846070098638764,0.004888519273954286,0.04679727795928438,0.017927124248440625
N2,0.07381932853222893,0.841656024502529,0.004165402715880561,0.0567741234852151,0.02358512076414664
N2,0.04374784846826395,0.9178101651807551,0.0013631431004483532,0.025806529939920404,0.011272313310612053
N2,0.03577096135410034,0.921751387822151,0.0017270745172340144,0.027720171727553283,0.013030404578961366
N2,0.10095699152046764,0.7903767581699987,0.0020464930780210813,0.0869044209554079,0.019715336276104525
N2,0.03467319711827255,0.9046478774233327,0.005159240764673516,0.04371882848742894,0.011800856206292629
N2,0.03650268908788066,0.8905928000435918,0.011234350909073142,0.049032212758192875,0.012637947201261752
N2,0.04426847787698931,0.8157726040579473,0.008350346907958158,0.11665058663578771,0.014957984521317448
N2,0.0647356033774485,0.7594787974510214,0.010540383697315537,0.1350938471471813,0.03015136832703312
N2,0.03911821225746257,0.7890207675966076,0.013733240560520247,0.10804968135130893,0.05007809823410069
N2,0.12051891217378764,0.637778450078596,0.006986504652471978,0.16314646871531696,0.0715696643798274
N2,0.06195861349809907,0.6911664625751572,0.0047735867141602845,0.1680262261726505,0.0740751110399329
N2,0.0544664479933146,0.7598258879992246,0.008109385066570635,0.13026299684197654,0.04733528209891385
N2,0.04991593017117999,0.7808888274150214,0.011810159405914651,0.08963187749797223,0.06775320550991182
N2,0.05182352760211388,0.7364719910059465,0.026089939804656907,0.11506049632403532,0.07055404526324745
N2,0.04755834611471975,0.7409180712855711,0.0365424793011509,0.10650061882805238,0.0684804844705061
N2,0.01123319132788006,0.8679257779655242,0.06487905003305751,0.03993183683319305,0.016030143840345214
N2,0.0473430580379508,0.6418680610089772,0.009815036802555055,0.2694066729095634,0.03156717124095347
N2,0.007872905466876284,0.7521486356723743,0.09786228846423688,0.10211499773340937,0.04000117266310298
N2,0.010215641572865962,0.7089956901776945,0.10178835602789696,0.1278506240546397,0.05114968816690283
N2,0.01026691615815928,0.708206147279271,0.110825876144823,0.14419742189922424,0.02650363851852255
N2,0.011983380038717842,0.7504792918012515,0.1143223943067853,0.09758543202710288,0.025629501826142553
N2,0.02119740405202298,0.46427432706003946,0.10774604220966971,0.08000540638127553,0.3267768202969924
W,0.0018862493742930967,0.02274775890607964,0.01282625692645962,0.2265770204261432,0.7359627143670244
W,0.024390590759722712,0.03712201766299891,0.031229038186922926,0.0006610336750673226,0.9065973197152881
N2,0.14678992734354435,0.420469363037452,0.03001303152680748,0.004906753523676822,0.3978209245685193
N2,0.12222836660496668,0.5410368607503596,0.026539552774425063,0.02678185449053015,0.28341336537971834
N2,0.030171327673754824,0.6964456654929362,0.0493864413641926,0.027238134539960268,0.19675843092915607
N2,0.06821961633146392,0.8408733080680759,0.04871734915428919,0.006943690299741326,0.0352460361464297
N2,0.12102246995683107,0.7170526621658254,0.02368370356690372,0.08521959836714553,0.053021565943294324
N2,0.032844332818314906,0.8121890065437029,0.08618156849883624,0.02254914993830316,0.04623594220084295
N2,0.023396704043960423,0.880505333403759,0.035390030969630316,0.0106977411922307,0.05001019039041951
N2,0.015009552869895918,0.9107684997805964,0.035252200499789124,0.011260370279327175,0.027709376570391353
N2,0.04079530887829211,0.8462594267054342,0.025430459467154512,0.046835963933822895,0.04067884101529636
N2,0.034376573404898164,0.8629883397253201,0.02797480321518036,0.040862947159864195,0.03379733649473719
N2,0.03244266337907455,0.8197824445321676,0.04542452745045645,0.03878384483646994,0.06356651980183141
N2,0.018060164890332964,0.8569280976890381,0.07834596310940478,0.020785577888044058,0.02588019642318017
N2,0.04484970623412779,0.8193479284323473,0.03133114988723315,0.07950088835115801,0.024970327095134005
N2,0.022690229365783812,0.764650188124162,0.10598248266179983,0.06269544561438643,0.04398165423386796
N2,0.013517109499288145,0.8323918937882185,0.10400928303221138,0.02432897493312193,0.025752738747160143
N2,0.02618200900589998,0.8168413800286942,0.04284803289603365,0.08077381744560107,0.033354760623771115
N2,0.005714737556858637,0.7426217961450283,0.18846089581954512,0.037758348074214985,0.02544422240435295
N2,0.009447366336084749,0.7255552095163071,0.17785098355242526,0.049029473565810645,0.038116967029372256
N2,0.003801338442099973,0.6420097648834998,0.3026432111492784,0.02470676944274917,0.026838916082372887
N2,0.0031130848993366302,0.643207553855307,0.3136439459186143,0.015426640775636135,0.024608774551106057
N2,0.002386837845972347,0.5791242738572644,0.40346187616414153,0.0032979614541654282,0.011729050678456329
N2,0.0038343933515650654,0.6702544872777618,0.286847786982315,0.012088828233511843,0.026974504154846295
N2,0.0008659363141720024,0.5213505921515964,0.4648066730727215,0.002990800135755065,0.00998599832575511
N3,0.0014524221719751788,0.2264729003906152,0.7427619787355708,0.02131495921336818,0.007997739488470742
N3,0.0008761737508039309,0.2858661182611313,0.705389764945423,0.0012512461160179367,0.006616696926623776
N3,0.001070335755312509,0.2531616661978956,0.7405492926083646,0.0004971325194387305,0.004721572918988643
N3,0.00117251430213191,0.1877261013080977,0.8036811917844333,0.0007160906605540742,0.0067041019447828835
N3,0.00047426256100396044,0.11246764518464536,0.8843777807420461,0.00029789786878330656,0.002382413643521187
N3,0.00028921530525232683,0.07689412786368202,0.9188938229273829,0.0014280621194419831,0.0024947717842406076
N3,0.00077985977065918,0.07895835738983023,0.9154223273198808,0.0013189798925188783,0.0035204756271110527
N3,0.00017411650957533748,0.038996424999544664,0.9577590658307029,0.0010733796651659295,0.001997012995011055
N3,0.00011070234444015318,0.031618420249696404,0.9654830561724284,0.0005410841686247818,0.0022467370648103294
N3,0.00015237304383627798,0.04012649588631783,0.9565862288056372,0.0005966625350587515,0.0025382397291498116
N3,9.035104610577672e-05,0.020763707570389447,0.9771294700379227,0.0005016864446811931,0.0015147849009009445
N3,0.00016315465223215247,0.0366335576525705,0.9603159384103096,0.0007516429719792838,0.002135706312908396
N3,7.43930899673656e-05,0.01616942580446645,0.9818035458820499,0.00028264907962929805,0.001669986143887018
N3,9.746854892101282e-05,0.01770947352537797,0.9798476690462726,0.00022765943830374514,0.0021177294411248073
N3,0.00025649097516878725,0.035715595886055086,0.9615701573797147,5.915105608003041e-05,0.0023986047029812127
N3,0.00014517378764267324,0.021822485564190308,0.9755716141723082,0.0003746108263381684,0.002086115649520734
N3,0.00011350086445103232,0.02261406114007751,0.9762314419867268,0.0002402123381219979,0.0008007836706226186
N3,0.0001490362527151357,0.025349927811579225,0.9728127038761913,0.0003412432829635399,0.0013470887765507002
N3,0.00015532262702432051,0.02837209163763486,0.969335437139295,0.00037166821959849756,0.001765480376447255
N3,0.00012797963489741789,0.026487842339019654,0.9708591531586361,0.00041424364574130283,0.0021107812217054612
N3,0.0007488590976270835,0.09446035373077084,0.8957757490542202,0.0017938894078381733,0.0072211487095436054
N3,0.0002137041397603209,0.036401866732585594,0.9600051293782594,0.0008203774551971028,0.002558922294197506
N3,0.00013097852851877848,0.028131460223071454,0.9675089294037487,0.0006270528260122755,0.0036015790186490174
N3,0.00016401019992712252,0.035526893050676946,0.9628604911032999,6.479851297118491e-05,0.0013838071331248114
N3,0.001200458142974644,0.09864879099779222,0.8844582114478751,0.0037238251296555906,0.011968714281702366
N3,0.0007354346035091032,0.07415748552978366,0.9123893979658341,0.0017699118946312442,0.010947770006241801
N3,0.00037450767058792286,0.040577264938692785,0.9527263762279219,0.0008415870086513817,0.005480264154145801
N3,0.0011476798461774378,0.14029575208451853,0.8495885237695195,0.000259949140408047,0.008708095159376521
N3,0.0005865964349137879,0.07444480303238366,0.9054156974524382,0.0020369433272330794,0.017515959753031194
N3,0.00015262534219353456,0.03538396211579776,0.9601103204173909,6.801892985387059e-05,0.004285073194764053
N3,0.0001648034946938351,0.030689646421084425,0.9668532547632114,0.0006444662839742964,0.0016478290370361484
N3,0.0006062920953452277,0.039590621011014376,0.9501701479405384,0.0010565590685199181,0.008576379884581967
N3,0.0001345642919342234,0.04006199431256767,0.9559416445985306,0.0007432037806837183,0.0031185930162837042
N3,0.00017726429077713057,0.057089767271603684,0.9374656818819943,0.0008454821174653084,0.004421804438159538
