Stage,N1,N2,N3,R,W
W,0.0071093554423613285,0.00113982898255127,3.7329051787123866e-05,0.005118820999704153,0.9865946655235962
W,0.02986194568766559,0.010066092522596623,0.0007046769881128667,0.20156060299452017,0.7578066818071048
W,0.026346615602569217,0.05168086471802586,0.03401786881580976,0.08217221424446243,0.8057824366191326
W,5.444715099469149e-07,5.068664312301185e-07,8.7898379920373e-09,1.1002301849443098e-07,0.9999988298492023
W,0.05905012676156218,0.012624897868337983,0.02591019695514506,0.004770829424037216,0.8976439489909175
W,0.10321703631596887,0.07265638015190289,0.0006541895487443952,0.006688168618017818,0.816784225365366
W,0.014916129546680602,0.05374767963400522,0.01960116893287043,0.004238758721812361,0.9074962631646314
N3,0.025812439431225024,0.09492033843645943,0.5298706532182486,0.0018490639311496647,0.3475475049829173
W,0.01227154762786285,0.0025000269894328696,0.006408625592668628,0.0053252450108167695,0.9734945547792189
W,0.039327245909416886,0.037139753326450975,0.006026898229124814,0.0006761835751517191,0.9168299189598557
N2,0.04222783293533036,0.6163818440135926,0.038263119743241786,0.00036745704752517923,0.3027597462603101
W,0.14307316625439256,0.22742730072068004,0.011800494620464393,0.003622322247166061,0.6140767161572969
N2,0.03308549836060566,0.4419300083670872,0.2407421732500353,0.0009047478090215447,0.28333757221325034
N2,0.0395956660611101,0.7297784539100953,0.06850617320298148,0.004806486356640839,0.15731322046917234
W,0.025291667440057862,0.2838190232238885,0.05448191905692153,0.0033581585734608066,0.6330492317056712
W,0.022311440604509663,0.05103242984490084,0.2353289179463073,0.0012868908678675837,0.6900403207364146
W,0.007482958771694767,0.10653362596191078,0.07356219056555297,0.0006144030139708654,0.8118068216868706
W,0.02777480057703971,0.2606445905936644,0.03915799025484371,0.0005797443421893573,0.6718428742322627
W,0.047207942416091164,0.29143820720308133,0.023899266681676128,0.0008723749466031898,0.6365822087525481
N3,0.08254555282002371,0.2591878125047709,0.5254078994030541,0.0018551720560027718,0.13100356321614842
W,0.07362952159418673,0.3586936635312018,0.01723433569655026,0.0015830661299876736,0.5488594130480735
N2,0.036690794754148555,0.7019474556965866,0.023568085377458532,0.0014064881068705719,0.23638717606493578
N2,0.05768641518078804,0.5908930466702838,0.029212724493564452,0.014148986062580299,0.30805882759278347
N2,0.0465035216793272,0.6120794801892847,0.022652540362536208,0.005889340924402586,0.3128751168444494
N2,0.02239704047117728,0.6889854150639092,0.04700101355743442,0.002652517992258178,0.2389640129152211
N2,0.028355194618902086,0.5599702930201115,0.0751565404096798,0.003484257703483235,0.33303371424782335
N2,0.15032952280925563,0.3949452800685251,0.06486412978120075,0.001255522642333395,0.38860554469868513
W,0.05404414819637059,0.32471814855647996,0.08582955099229526,0.0014402476801813153,0.533967904574673
W,0.05139591739448821,0.31038954415924835,0.07853851550709323,0.002720395397577371,0.5569556275415928
N2,0.02856307881025568,0.5405111782766289,0.01957348924292136,0.005747207916183983,0.40560504575401
N2,0.09120379887605888,0.46681692500124805,0.027282456977474497,0.0018779196808807559,0.4128188994643378
N2,0.018275095817573958,0.5942822950250984,0.0864438800902115,0.00041536184687883214,0.3005833672202373
W,0.18877117849376354,0.34817229732750876,0.02530789098035634,0.0023889206419918873,0.4353597125563795
N2,0.017440315810618657,0.6137060863229133,0.04206886062322044,0.0007178725023303274,0.32606686474091723
N2,0.04605574981935992,0.7098304964827582,0.0015830283090711736,0.0018392038605634091,0.24069152152824735
N2,0.025330210871865665,0.4756203764993665,0.11174487919907593,0.0018408864688478574,0.38546364696084395
N2,0.021723139532705896,0.6782113538460508,0.11370285854573389,0.005541340825675769,0.1808213072498338
W,0.011828640399445861,0.29790743579345746,0.10638183136549133,0.0010626756671549672,0.5828194167744504
W,0.024667990194263342,0.34876259499797957,0.056356780489559895,0.027122011356073825,0.5430906229621234
W,0.012040544658891317,0.3333949319245763,0.1852886155140049,0.006255009500695936,0.4630208984018317
N3,0.011345671320710841,0.36314289109414055,0.47271092299313705,0.0039283368068829885,0.14887217778512848
W,0.020922777629778747,0.40062761728375634,0.13967632654040316,0.0029034957919620488,0.43586978275409965
W,0.006658792555637781,0.19075482119042836,0.021816195711937554,0.0011408911286988402,0.7796292994132975
N2,0.02753190332875143,0.6132924391551589,0.04806587396790612,0.0029805433708625056,0.30812924017732096
W,0.00314674164874552,0.21533319793470712,0.0523285110486144,0.00040212277441836064,0.7287894265935145
N2,0.07729464495909215,0.634008659304781,0.012257989671576725,0.003119545965084352,0.2733191600994659
N3,0.020360716121669974,0.061074956575219295,0.5994728028336949,0.14370424556869907,0.17538727890071668
W,0.05534021637164701,0.15340911641039748,0.009512452731204603,0.004658077928026181,0.7770801365587248
W,0.05049543794717282,0.10632757807023507,0.005963483353845829,0.00099087119513964,0.8362226294336067
W,0.020074114928356875,0.059837430537557086,0.010624876639106478,0.0010160785873727866,0.9084474993076067
W,0.0379620327371394,0.1681111099755503,0.014872621105368068,0.0036052967601817544,0.7754489394217605
W,0.019901515111481555,0.31926616806603025,0.010882851858481653,0.001443961766225067,0.6485055031977814
W,0.009510095093660924,0.31067377834453724,0.015235041732416433,0.002725280688310609,0.6618558041410748
W,0.022011500124670225,0.2567341068698577,0.009135371054567378,0.0025244111837872834,0.7095946107671174
N2,0.02978049835162236,0.5468316741451069,0.02307609011996254,0.015248776501417427,0.38506296088189074
W,0.022555241746028725,0.30537277138135205,0.020369554289352044,0.015229467388693381,0.6364729651945737
W,0.07203098132395412,0.1906961115394335,0.005186620816810079,0.028609045064129923,0.7034772412556723
W,0.017881515245057284,0.18054890130572854,0.0032908832911203527,0.0084425993162716,0.7898361008418223
N2,0.06480922441707325,0.5311931792094656,0.009249957698656283,0.006226060361015765,0.38852157831378903
W,0.054499944804728945,0.3159061497459411,0.001291398290688753,0.012361748415435038,0.6159407587432062
W,0.02214438677149556,0.09101407892015448,0.0014088145780162785,0.005330938071704849,0.8801017816586288
W,0.011916881598453959,0.18341876436892748,0.0013949043293896978,0.00179841558291748,0.8014710341203114
W,0.024645610870574708,0.44631789534474753,0.005044132567117189,0.006963173412851864,0.5170291878047086
W,0.04120788731793733,0.4050331555706918,0.000860782041319059,0.02070192554771669,0.5321962495223351
W,0.02691474132964272,0.22080573533939313,0.0027213673249048024,0.014277696962280432,0.735280459043779
N2,0.0996868788731808,0.46549565269179916,0.0027701518572655743,0.028497023430587895,0.4035502931471665
W,0.18826431633659343,0.3768397123182567,0.003483783058542554,0.03033241043580982,0.4010797778507975
W,0.07375938865294582,0.05668749884834438,0.0011154505994156476,0.013558679415694622,0.8548789824835995
N2,0.06891048161871136,0.605845046381654,0.003884898351680872,0.018850155995429274,0.3025094176525244
W,0.0021584099465092087,0.04858042921812125,0.026810039609905537,0.0021785234891719425,0.9202725977362921
N2,0.06647053240284057,0.4707509034871779,0.02240605510934246,0.00665389479211436,0.4337186142085247
W,0.049569844478270224,0.1542219487011936,0.001096670028678923,0.010217367855783142,0.7848941689360741
N2,0.04974637246653497,0.5420287788111138,0.005093234479334195,0.014905511723826998,0.38822610251919004
N2,0.03330422360004696,0.5485873736336259,0.009603240851055834,0.007698384824443464,0.4008067770908279
N2,0.04441969773889767,0.7614297276533128,0.002644905425678726,0.007188736917814409,0.18431693226429624
W,0.03374575983264486,0.17831292436094814,0.0012869065881439918,0.01198245878944569,0.7746719504288174
W,0.17422697445042742,0.22399900779163887,0.001993009323747212,0.04498207392774609,0.5547989345064405
N2,0.2019229123865663,0.44179767461161956,0.0020020245349747674,0.028010130317915632,0.3262672581489238
N2,0.16932115093291505,0.5312143079544993,0.0019670042173900175,0.026004493754883246,0.2714930431403124
N2,0.10138723138251328,0.43599734044248906,0.0034471079088980176,0.07787148591762537,0.3812968343484742
W,0.006872192542746854,0.008945709452508551,0.0027099075317767803,0.047141547356788,0.9343306431161799
W,0.01573302653751445,0.05591472823154103,0.026404823065417065,0.0023565271017495907,0.8995908950637779
W,0.07861597263396958,0.10070469628879347,0.0023759943255663315,0.00464882443399328,0.8136545123176774
W,0.03428814546871942,0.033832196222391614,0.008952100445660686,0.0018026372488073477,0.921124920614421
W,0.017987370851530078,0.08635423060033412,0.0554245834970305,0.0018253893390167003,0.8384084257120887
W,0.03233889185296104,0.36539821167750497,0.13213950292553367,0.005865682723145425,0.4642577108208548
N2,0.02487156071838705,0.6538535161508632,0.16461281095423072,0.0017720689204575987,0.1548900432560615
N2,0.11194678991665626,0.6452600139559405,0.03585900475831072,0.0049446223954023654,0.20198956897369003
N2,0.015552716917788452,0.6832167363426791,0.20762358025110503,0.011199751283656445,0.08240721520477111
N2,0.010898547321719321,0.7377405898372569,0.08895835061603274,0.0321751037062373,0.13022740851875395
N2,0.007386840275612691,0.7609387975783493,0.09343993738340088,0.08752047361697318,0.050713951145664064
N2,0.019299736896976394,0.6306086435986202,0.10079667412763593,0.17077560190125043,0.07851934347551695
N2,0.009384058669361824,0.68249645072248,0.05679662220349519,0.17303945807658147,0.07828341032808146
R,0.01536168951782099,0.41937116484503295,0.07661407733454412,0.4338317774107034,0.05482129089189851
R,0.017526111047814978,0.4036951665076234,0.025032811521375375,0.5321947334534006,0.021551177469785684
R,0.012316220090011125,0.3797207563837568,0.03559467675461811,0.46755696375479294,0.10481138301682107
R,0.005825477568828259,0.23766747502715077,0.1828916261000502,0.49838106920606345,0.07523435209790735
R,0.007428394644812972,0.23924888359934976,0.12080389987706676,0.598144419658064,0.034374402220706646
R,0.005317918078419711,0.2137571405385861,0.09352338439713999,0.6182856276992492,0.06911592928660508
R,0.006617460061735435,0.27064358686748224,0.05394449765404793,0.6397509599873432,0.029043495429391036
R,0.004261904991974491,0.2874662321422233,0.13804085273888314,0.5324938402528575,0.03773716987406163
R,0.003335501583812208,0.25406671764910466,0.051908095960097635,0.6682451199769142,0.02244456483007124
R,0.004811625185388087,0.25309382351042115,0.05832167987971547,0.6709281596197852,0.012844711804690042
R,0.0052083191561097895,0.26672687886259416,0.11575504300492721,0.5918257600121368,0.0204839989642319
W,0.0057238625085161395,0.12256388569030867,0.10213402989116159,0.14963170796500155,0.6199465139450121
R,0.010738805773065243,0.25325538732552316,0.048862543171268105,0.5633494078938651,0.12379385583627843
R,0.01287568976370955,0.2382931154651009,0.0701075863914883,0.5763001082485396,0.10242350013116161
R,0.02984494873882629,0.3824271582809788,0.05626994392989375,0.49812633610895557,0.033331612941345505
R,0.010023085895240662,0.23368236405097045,0.05464270425330675,0.6895482560304118,0.012103589770070262
R,0.012583843243849072,0.3063996254397853,0.029932552708103646,0.6372486730181697,0.01383530559009227
R,0.005630643882272013,0.21389232985772222,0.029409807815297145,0.732396793324743,0.018670425119965764
R,0.003069260692830769,0.2918975289379138,0.04713878701527775,0.6136131781038756,0.044281245250101964
N2,0.004746471187423276,0.5512145393587087,0.037109723099316254,0.30710657673887953,0.09982268961567231
N2,0.016128848806033037,0.6177139815435938,0.11536423279768601,0.1998692883377352,0.05092364851495191
R,0.004908470089926705,0.31708723090768465,0.02427210710288068,0.6198089934651557,0.033923198434352125
N2,0.009122761451117881,0.7916817019803274,0.09740418220407507,0.04588380432918153,0.055907550035298105
N2,0.009187717643746521,0.7062311354806945,0.24373404409125726,0.010143328333803298,0.030703774450498513
N2,0.004817450881498641,0.903133214539448,0.06294406040377873,0.0015332461821248628,0.027572027993149853
N2,0.00105617289423772,0.8222842397570685,0.12411476272623316,0.00432585469496634,0.0482189699274943
N2,0.014148489976767405,0.8620917162938752,0.01886306542824328,0.01881964072309138,0.08607708757802264
N2,0.00439802869569213,0.8096216892039606,0.031233251825356956,0.03194759847375284,0.1227994318012377
N2,0.00900736492213546,0.7031970801575385,0.24592621138830506,0.00819033838088786,0.03367900515113313
N2,0.006790132274710436,0.8956285976463428,0.050320913138474734,0.012683872253067061,0.03457648468740494
N2,0.00792839944610373,0.8317244710195438,0.08762016434389777,0.02063501035907737,0.05209195483137731
N2,0.008469532059682061,0.8384231356755646,0.0958590130052119,0.01689846243626406,0.040349856823277366
N2,0.008517982664911205,0.7975847688962346,0.13881841502610412,0.020715344756350312,0.03436348865639984
N2,0.008963144169821443,0.8876300825006757,0.07875992168913827,0.010039433954971772,0.014607417685393104
N2,0.0026079859747562334,0.7944879884210624,0.17688496750261246,0.0052099391809343615,0.020809118920634407
N2,0.0030738366642722816,0.8789300652259123,0.08778478195044735,0.0082136966022439,0.021997619557124322
N2,0.001825200810615955,0.6376403015288185,0.3292084862664363,0.007026760168912696,0.02429925122521669
N2,0.00337262652329611,0.6782050319421321,0.2969349552639917,0.006868796803012667,0.014618589467567299
N2,0.005271491156105432,0.7352002060680425,0.22700825175392572,0.01194249654405784,0.0205775544778685
N2,0.005083500574033728,0.7914759599583147,0.18059295352852434,0.005288945586931726,0.01755864035219568
N2,0.0028155064505947214,0.8930002739117013,0.0812708844239476,0.004341251447161673,0.01857208376659455
N2,0.0015306200064985822,0.5610658179384056,0.4225504272518121,0.0047764916021826725,0.010076643201101151
N2,0.0010462256277550082,0.658270086265557,0.3215649825536953,0.005715776299553008,0.013402929253439581
N2,0.0011553525263022777,0.5392607317006857,0.44550658286539696,0.006068807349772818,0.008008525557842231
N2,0.0006904497978890904,0.6304075342563918,0.35160258624333013,0.004619200376710622,0.012680229325678274
N2,0.0006246460739641268,0.5865858178516151,0.3963313867510386,0.00417275032527784,0.012285398998104316
N2,0.0013356662647749258,0.49673657817851374,0.4753901590579096,0.007527061615600486,0.019010534883201115
N2,0.0038107888873762205,0.5275136961061032,0.4358437467302541,0.006903933930471673,0.025927834345794907
N3,0.0036573436683132324,0.39090191860479884,0.57475110302447,0.008045005320291622,0.022644629382126292
N3,0.0018866603474150673,0.3326028695783777,0.6450108937057274,0.006932697942382342,0.013566878426097424
N3,0.002840892821366374,0.33394463062237917,0.6389788830477007,0.008695211706602066,0.015540381801951672
N3,0.0019816444350859394,0.29470827631692187,0.669561642492125,0.014563547532492343,0.01918488922337474
N3,0.0032580693922099795,0.3797431913735879,0.56415447652245,0.013504126033216551,0.03934013667853562
N3,0.006371576437515993,0.4471770942269057,0.49669205297188107,0.021238290245779612,0.028520986117917625
N3,0.0021417118837721437,0.33286716513553655,0.6334691708505382,0.01434357844117387,0.01717837368897916
N3,0.002865648695557891,0.24517155785045863,0.721570915200357,0.013169634057019538,0.01722224419660691
N2,0.0028336066489601268,0.5568153089951906,0.3767943855429321,0.018038590198729516,0.04551810861418763
N3,0.002024425990029717,0.3657411000375421,0.6113205783489172,0.00989425795109213,0.011019637672418722
N3,0.004784739766771874,0.3065378205357418,0.6678933119760267,0.009042434111628259,0.011741693609831474
N3,0.0028839413124175295,0.4571185873129826,0.46677423414612657,0.051779563734633625,0.02144367349383955
N3,0.0015549872912624958,0.22576668891274673,0.7541194948783458,0.009421629050357642,0.009137199867287466
N3,0.002942170647511366,0.1805391534723149,0.6614864737880526,0.1408733801045279,0.014158821987593174
N3,0.005727927320412985,0.31299894410552714,0.6251236667836901,0.009410530337388465,0.04673893145298124
N3,0.005007231846684448,0.4648361349625435,0.46800919271945285,0.007019960430531667,0.055127480040787616
N3,0.0026479085496370434,0.185873764291277,0.7940158453585522,0.0021905058022175378,0.015271975998316294
N3,0.0007186522287713041,0.05364745208448859,0.9241181235622061,0.013616316822560216,0.007899455301973626
N3,0.0014181990864833539,0.11101825268253522,0.8458450259289356,0.02173443015235215,0.01998409214969351
N3,0.0008777051448994683,0.07122166564791226,0.9160912755810485,0.0011543606625856071,0.01065499296355426
N3,0.00034798690324416837,0.039454617990907465,0.9484313309377718,0.0049114928067590415,0.006854571361317477
N3,0.0006893720238475589,0.0769510737564706,0.895710041773368,0.013699321923039838,0.01295019052327394
N3,0.00044282286895452926,0.05385810418098863,0.9369742575852319,0.0005098993920980433,0.008214915972726932
N3,0.0008371793966837921,0.03521096655168336,0.9504563321480408,0.006955520674671397,0.0065400012289206855
N3,0.0003267461043258312,0.038119985946261176,0.9415677314024794,0.00861923963641846,0.011366296910515076
N3,0.0015185986479603142,0.09639988398601818,0.8701901601599208,0.0159803463254082,0.015911010880692533
N3,0.0013202445108850317,0.06555052214394025,0.903689865716899,0.021390673725902545,0.00804869390237324
N3,0.0006989135544287686,0.061262636270684054,0.911699610251819,0.01760308006976417,0.008735759853304105
N3,0.0006315624962781644,0.050485419245231734,0.9301310900633937,0.012688492398656898,0.006063435796439312
N3,0.002596494036277346,0.10043766605883969,0.8385674331228363,0.04777365725142872,0.01062474953061778
N3,0.002762821161708729,0.06471547614266975,0.8886052315258395,0.027116251012337004,0.016800220157444954
N3,0.009192491740351406,0.10792999417169592,0.7535152917339637,0.08757348426280542,0.04178873809118352
N3,0.0015373247596616722,0.021120708531364357,0.9576592462268614,0.012690954711393516,0.006991765770719022
N3,0.00684866078991814,0.05361792588619236,0.9100094300907934,0.020215678410090157,0.009308304823005866
N3,0.00371791361020974,0.046687736981825094,0.930393683473173,0.011943673773231035,0.00725699216156123
N3,0.004227910612103004,0.05456667680847097,0.9128354540009666,0.020705677352644548,0.007664281225815159
N3,0.010727475923959066,0.11352198133850591,0.7264804188876105,0.13036771685891146,0.018902406991012834
N3,0.00026288324422169793,0.015185036986579503,0.9770442174184736,0.005166353162709633,0.002341509188015518
N3,0.002298684179270918,0.049651775401591165,0.887120181159876,0.0563172065135769,0.004612152745685027
N3,0.0006586082162260381,0.03652802514588813,0.9475188659309823,0.010740405969415431,0.004554094737488348
N3,0.002583962447451765,0.07166936165138366,0.8600143435712375,0.05808488363810793,0.007647448691819018
N3,0.0011130570236411366,0.06418611480819533,0.879211683841045,0.04852956136720564,0.006959582959912989
N3,0.002050364162380895,0.07467904260306614,0.8453762795347722,0.06586496015311916,0.012029353546661728
N3,0.0018701699046543081,0.09913883178519665,0.8705534219773032,0.019850764464310337,0.008586811868535427
N3,0.0006527430034368529,0.052300983726290884,0.9283846660053355,0.014450075672996818,0.00421153159193998
N3,0.00030598952174808956,0.0336631971753257,0.9552820503841093,0.007007266162079807,0.0037414967567372353
N3,0.0007998385977614116,0.09936858500290725,0.8803884845920409,0.012779594758635222,0.006663497048655199
N3,0.0008245496304495787,0.08534080920248215,0.900628299102882,0.008609955610885582,0.0045963864533005916
N3,0.0013486149014990134,0.16258762737687152,0.8140925962738534,0.012734725516534463,0.009236435931241564
N3,0.000713699726252399,0.09971901848307704,0.8908258867824478,0.004021823921474521,0.004719571086748367
N3,0.0007560631131016377,0.11058438939239357,0.8736662033067382,0.008758334807555557,0.006235009380211165
N3,0.0006790776530374448,0.07956912931359805,0.9047951303961841,0.007637587268230433,0.007319075368949811
N3,0.0007164197000368825,0.11325303234859657,0.8680757834265732,0.011060670405523007,0.006894094119270527
N3,0.0007354464142944525,0.13463581811394337,0.8502858398954046,0.004646263537178881,0.009696632039178569
N3,0.0002713363451216389,0.07708110587753848,0.914488272738039,0.001978754443244062,0.0061805305960566945
N3,0.0008685699052777826,0.1463222453738781,0.8399602743243366,0.0033926498629990886,0.009456260533508301
N3,0.001676185861696434,0.25267848784244024,0.7266753484680574,0.0004238150756860227,0.018546162752119986
N3,0.0006586129711830184,0.1527626112757577,0.8314562466257517,0.0037591849814454415,0.011363344145862136
N3,0.0011096666474924145,0.13989133442631568,0.8452502249125251,0.004161662697586255,0.009587111316080608
N3,0.0012562715738635927,0.13419289344288401,0.8483813775260676,0.006674753451769456,0.009494704005415447
N3,0.0022587587561290396,0.2757467852643874,0.6840494534694134,0.016183785031256274,0.02176121747881381
N3,0.002772462075101563,0.18524064956410574,0.7728077119100999,0.017208718438141167,0.02197045801255163
N3,0.0016573167283955544,0.1979799094672611,0.7797690363702207,0.009621053403452557,0.010972684030670048
N3,0.006603717341444317,0.3962889085527142,0.5479383476709374,0.02352473983785335,0.025644286597050685
N3,0.0020218743928039104,0.2753875426444466,0.6672935057251834,0.01952228471112424,0.03577479252644178
N3,0.006193907220062152,0.18521838832554613,0.7459742332539832,0.022615385144633567,0.039998086055775
W,0.032336596271226516,0.05462677627315872,0.039179889528738715,0.011082127676803395,0.8627746102500727
W,0.01621833893254703,0.08429461570366574,0.09603944532387407,0.025535555217769384,0.7779120448221437
W,0.00869463716480766,0.114477509364641,0.14573502647662215,0.02269207262330901,0.7084007543706201
W,0.009318359151515014,0.04791215732780731,0.013850718107107605,0.03998030541163832,0.8889384600019318
W,0.017607559309202894,0.16346351652910504,0.14453073173580286,0.0054003486736108166,0.6689978437522783
W,0.03704562549650316,0.281468196415497,0.07837615116834644,0.009712314888544136,0.5933977120311094
W,0.0038244781491751714,0.010317595107227013,0.009551821625471659,0.029608201499503682,0.9466979036186226
W,0.07408110112823828,0.23225227883448446,0.008264233666869266,0.008018328057132753,0.6773840583132752
W,0.08089398175313464,0.20680156686456352,0.0033114802187110704,0.0066123438881102205,0.7023806272754806
W,0.08658897330457631,0.21646297783488344,0.00451818853979504,0.021209916157003458,0.6712199441637418
N2,0.09724378673292354,0.6782763209942476,0.013978842221283296,0.028350450120618133,0.1821505999309273
W,0.0026164945732559766,0.017800850896342903,0.0031315331989906024,0.01506625570724903,0.9613848656241614
W,0.03871653045248121,0.11092595170802431,0.010341409460533958,0.014361194285815887,0.8256549140931445
W,0.031279086001068934,0.12423601320524115,0.00476889769267756,0.01025598850361923,0.8294600145973932
W,0.007882883447051157,0.17123759641403805,0.008219220748835836,0.011938769038700989,0.8007215303513741
W,0.05192946545864954,0.3042181466621249,0.0037512164269268675,0.10623721698264849,0.5338639544696502
W,0.029813937391482262,0.12792907501300096,0.009375263684996134,0.3997160488629327,0.43316567504758796
W,0.00410316664228948,0.03293723480913969,0.0032733947582785465,0.028859885322854075,0.9308263184674381
W,0.08898768820029922,0.2060292245155126,0.006790131928126049,0.027593981818296046,0.6705989735377661
W,0.0389701276893632,0.16119217668367977,0.0042110933574787575,0.017034123366155868,0.7785924789033224
N2,0.15302657214021326,0.5052828672844311,0.006475194895590222,0.0762446059986789,0.2589707596810867
N2,0.22179746728864771,0.4559897281711387,0.0033159648413240957,0.08811513872106404,0.23078170097782535
W,0.25720327179257174,0.27143916391448525,0.0036277021696674554,0.1307591807465637,0.33697068137671193
W,0.10253607012164472,0.08639244976905304,0.0034543770461304257,0.05737604422538445,0.7502410588377874
N1,0.37170947059624454,0.2356286100477251,0.0011929754853960738,0.050179817300684326,0.3412891265699499
N1,0.4050577323283143,0.2284923036241819,0.0014179824069594255,0.08722109853932804,0.2778108831012162
W,0.012196294907301666,0.01584120597739024,0.0013398381654876035,0.015284239376277611,0.955338421573543
W,0.02478336833823557,0.04340259026006191,0.0011247590395632363,0.07647362781956149,0.8542156545425779
W,0.06684557691299159,0.07877622918999264,0.0008121996557785813,0.09119835833239415,0.7623676359088432
W,0.2876832366588625,0.09442829535840018,0.00023281227189785205,0.09512504346625242,0.5225306122445871
W,0.0005545212532506094,0.0014713723946935488,0.0005652861541475148,0.011352866243347897,0.9860559539545604
W,0.03415986194690568,0.03432732048447206,0.0012302274708001087,0.010673895780708533,0.9196086943171136
W,0.09198322765200305,0.23751251684667718,0.004028010059187759,0.012669044213469004,0.653807201228663
W,0.009257283339080902,0.018480447269797428,0.0011894131497024757,0.009107485267927935,0.9619653709734913
W,0.20779295411170567,0.1961668295049975,0.0038399602766534193,0.18405529958331404,0.4081449565233293
W,0.20198124248295846,0.2042994916693487,0.0058341510196636874,0.22145502676771303,0.36643008806031613
W,0.2641387809538727,0.24260669014822003,0.0006658402277799011,0.14780455168727055,0.3447841369828568
W,0.09931510443861871,0.22634446090801807,0.0019008471915712383,0.1887175774672243,0.4837220099945676
W,0.1215374089207668,0.2795772901918476,0.0047212083894190415,0.24200174000714073,0.35216235249082584
W,0.02630252727593283,0.2505076405370941,0.0024752120325881666,0.05518125545189766,0.6655333647024873
W,0.024074096644944528,0.11690927002472543,0.01051014524356779,0.0634689268005228,0.7850375612862395
W,0.1394471391375198,0.1399633196070724,0.0009565313022121795,0.1324316683058489,0.5872013416473466
W,0.025152945057691705,0.2812181664347637,0.003974822764003455,0.038891293695896584,0.6507627720476445
W,0.118955507097266,0.05989893150581921,0.000609233557554154,0.029338570247944906,0.7911977575914159
W,0.0019195233826166023,0.005357842846312606,0.003995272252552752,0.0163111393070572,0.9724162222114607
W,0.004402505666250644,0.036151154957360015,0.011450097110694037,0.048712338768979596,0.8992839034967158
W,0.023481872674741458,0.10889591349958826,0.018765467531926993,0.004351701744221273,0.844505044549522
W,0.17033223706580491,0.30090517701152697,0.011387373127122912,0.006535338789609803,0.5108398740059353
W,0.039964556400091805,0.3393223842401492,0.010382483665482804,0.009231542887325625,0.6010990328069505
N2,0.17251518994151568,0.4081549901898948,0.00442928326802381,0.06662148181784795,0.34827905478271776
W,0.003488482057999961,0.00870573328518845,0.001125219454478111,0.01945106982185673,0.9672294953804768
W,0.03867824408314617,0.04945846975792803,0.006398542014524596,0.23246340147413314,0.6730013426702681
W,0.031211120389520258,0.08386653247594593,0.00727457369965018,0.2145073538290571,0.6631404196058266
W,0.02751259616835208,0.0816426896937202,0.009346980837924065,0.23960699918950207,0.6418907341105015
W,0.01643297937078138,0.023071471832136124,0.005661648508086639,0.059675635585211745,0.895158264703784
W,0.05251894559147974,0.19841802101450035,0.035820073854942916,0.09088735665382192,0.622355602885255
W,0.03325960643607091,0.10706801173175506,0.05740173757134247,0.10429307655779925,0.6979775677030323
W,0.0491407822481714,0.1715320102842857,0.06917182323832079,0.0830159536001532,0.6271394306290689
N2,0.03351142197250779,0.37908800582410607,0.10314670697523722,0.11643598935622738,0.36781787587192144
N2,0.05216571929087422,0.38836827504410865,0.056997519675668115,0.1978586634203374,0.30460982256901165
W,0.038190644666870194,0.2720138579557394,0.07353242562226589,0.20341417457926603,0.41284889717585854
N2,0.04081353889326809,0.34179789984323045,0.03267201330821814,0.3219255011932389,0.2627910467620443
R,0.027391548469348864,0.1578082347412972,0.06151771743866204,0.46007144701202046,0.29321105233867145
W,0.015331965469887483,0.09575532277753583,0.005249003728962349,0.013313923260913414,0.870349784762701
N2,0.1850759870230171,0.3900919129207451,0.0020998713451100236,0.11739373492292135,0.30533849378820643
N2,0.1829134369227199,0.36145613728211057,0.0029905851846655325,0.1454146961177444,0.30722514449275956
N2,0.2260347978388989,0.3254690216746785,0.0036441679392360416,0.21398672832453822,0.23086528422264838
N2,0.2408302336073934,0.31911115942858015,0.0034229832115447705,0.16238111123888782,0.2742545125135939
N2,0.25631023700391103,0.3743492535885396,0.010316636313856428,0.14454721869813097,0.214476654395562
W,0.22820633144682304,0.2968574972078998,0.011452847638216457,0.1463084747944679,0.31717484891259284
W,0.18201165107590944,0.1395442041065609,0.01031969644062292,0.10646165978672505,0.5616627885901817
N2,0.1281798631493033,0.3833585813262031,0.015938961416047993,0.1553355681955739,0.3171870259128718
W,0.20067070014295724,0.22507678912133544,0.006128861301074455,0.1331023361049877,0.4350213133296453
N2,0.18286069364212856,0.4471924138757491,0.004849994994848475,0.1766072151041408,0.18848968238313316
N2,0.20317020359192817,0.4052592856094131,0.0028240873208359224,0.18442872233995516,0.2043177011378677
N2,0.2263312547500762,0.3690541989347521,0.0026466193608944005,0.218540646348434,0.18342728060584343
R,0.1703442768299219,0.36284028506855226,0.0019491740093060576,0.3655913234271623,0.09927494066505743
N2,0.16133631115684632,0.4339539169753387,0.002976133843591168,0.2979005882611373,0.10383304976308667
N2,0.11159277420014597,0.36914522385225657,0.005320188901071059,0.34327747263779385,0.17066434040873246
W,0.1655069564602944,0.189510526023328,0.006115420049347696,0.30023058090355853,0.3386365165634714
R,0.2841998105554484,0.23155870705533074,0.0022207650954505164,0.3007986181135615,0.1812220991802087
N2,0.26749661464593566,0.34159822317150806,0.005790264479779246,0.164165028957377,0.22094986874540015
R,0.2523625701965269,0.23762573115092653,0.00597699036479513,0.2590124569555214,0.24502225133223
N2,0.10137897071778255,0.3774811204844282,0.006886175894785327,0.24227353448166644,0.27198019842133747
N2,0.13461376075390916,0.3639322266807495,0.010291908953389968,0.24803513304694463,0.24312697056500684
N2,0.21417893000917954,0.30513158776660404,0.00800293645314908,0.2304747840143965,0.24221176175667075
R,0.2047784387156237,0.2846565297518299,0.006576353007972826,0.3109794414709455,0.19300923705362802
N2,0.18523255081644277,0.39730573543326736,0.004201048241822484,0.2347235024338698,0.17853716307459747
N2,0.14882825013481416,0.5589267308558232,0.0021817684494064705,0.21661973064803175,0.07344351991192438
R,0.1927483384379422,0.2858017503242369,0.0014595494281903782,0.3675771354310832,0.15241322637854732
R,0.14084677252991198,0.33329302866733607,0.003772881575741394,0.34540145406502815,0.17668586316198226
N2,0.10844744860876158,0.46825583494573114,0.0035075491057124262,0.23365402079069525,0.18613514654909968
R,0.12803215655442984,0.3135737666509694,0.005476590684704725,0.4102330245712979,0.14268446153859812
N2,0.1371361541965749,0.39633608683889693,0.012276038472576063,0.3727761865388736,0.0814755339530785
N2,0.1595567118588842,0.39009530279783017,0.00416042941514077,0.33918237848358535,0.1070051774445596
N2,0.17251196229634416,0.4038604178720424,0.004317830904439376,0.3464258476270434,0.07288394130013048
N2,0.1592869987848687,0.4006601766195261,0.0019368921602934822,0.38469117908274053,0.05342475335257119
N2,0.1525598687468116,0.43931686837346534,0.0017722445057929545,0.29670292326579806,0.10964809510813195
N2,0.10571151345368662,0.5231147222723126,0.00469589064567592,0.3023800418417603,0.06409783178656447
R,0.16062418321309227,0.24777721609686607,0.007679808893217363,0.460344175933025,0.1235746158637992
N2,0.12600801429843278,0.4755817353508026,0.005918139308036001,0.2985171048278731,0.09397500621485548
N2,0.09867577856738764,0.5249958433846951,0.010047939522729305,0.3274768406688479,0.03880359785634017
N2,0.0704372434146875,0.7331230892432836,0.0033765267224124085,0.1434328064820635,0.04963033413755291
N2,0.13903540361273717,0.4315039348408688,0.004319628923020326,0.3239546956372789,0.10118633698609475
N2,0.07489092972260612,0.5727535609659147,0.0030244241785461834,0.2762823982691972,0.07304868686373574
N2,0.05478790092871335,0.6567803132214036,0.001474636145790189,0.23086765268436277,0.056089497019730164
R,0.1116945764275676,0.30647728835292537,0.0017322324892250864,0.46704940792858946,0.1130464948016926
N2,0.044506596070923846,0.7364572884467957,0.0034725234949119768,0.13809472397282238,0.07746886801454604
N2,0.11518932013833438,0.5837370511359774,0.0019693583917093473,0.1942356676889187,0.10486860264506023
N2,0.11875404356540975,0.5524129795121695,0.0033098099710561846,0.2137571570813894,0.11176600986997512
N2,0.03685269825877014,0.6301140073436428,0.002060738099178812,0.24658479571342665,0.08438776058498164
N2,0.14173365279330877,0.4531510823173525,0.0055836010492231695,0.22169085834056942,0.17784080549954615
N2,0.07736261083034296,0.6532316702798573,0.006345493884412728,0.20747573864729305,0.055584486358094064
N2,0.14710930025048863,0.5423019606731905,0.0025963995178379983,0.23674572944554886,0.07124661011293394
N2,0.16727997908564138,0.511169860460499,0.008299538121652815,0.2503484107115024,0.06290221162070442
N2,0.04668496685810849,0.784579918116393,0.004935224724072338,0.1306474948133439,0.03315239548808215
N2,0.18545427467878403,0.46440248514484506,0.007409780753520862,0.22268767590022004,0.1200457835226301
N2,0.10457254004167152,0.6220034145220847,0.003133127757107619,0.18891212993122747,0.0813787877479087
N2,0.03955648041426901,0.7671745080835872,0.00870866489404872,0.1109646829847373,0.07359566362335773
N2,0.04852567142273294,0.7969199491165623,0.004720475452477212,0.09099519709514707,0.05883870691308043
N2,0.02173229115687219,0.8522423818220848,0.004591772539414951,0.0741053279781813,0.04732822650344673
N2,0.04834463103283148,0.7767963886541248,0.0024391550575710483,0.11231710317200598,0.06010272208346668
N2,0.02241564565693146,0.7694622429006805,0.006674383121494715,0.1695331664140297,0.0319145619068637
N2,0.00846281088803126,0.9076701638019518,0.0026321364728021895,0.07231778189404496,0.008917106943169722
W,0.0093600693477139,0.05648669759151503,0.033685517851397485,0.030302948823198103,0.8701647663861755
N2,0.06196373413364166,0.5764439498074162,0.0402727026998786,0.04058112849835694,0.2807384848607066
W,0.049642097919398484,0.3429681291187709,0.09457908414328205,0.004870642851087231,0.5079400459674615
W,0.11484912676228033,0.28005575132063987,0.1725446250243201,0.006451481542607492,0.4260990153501523
N2,0.06484084263887992,0.7671172401496631,0.11485917588706492,0.0024469655462790174,0.05073577577811283
W,0.04992341180648251,0.05227735874505036,0.02626873959677691,0.3192353397153428,0.5522951501363474
N2,0.182767523307955,0.5054413969746024,0.15867007941741923,0.010939063530488012,0.1421819367695355
N2,0.10019069741548775,0.7235259498442865,0.04221932667636492,0.014123884838557092,0.11994014122530369
N2,0.1311437036240836,0.7284912868722359,0.06452119921598627,0.01578883199949326,0.060054978288201125
N2,0.14226668472718515,0.7863740017703251,0.018676325712373022,0.002797858724616353,0.04988512906550031
N2,0.12479013326812358,0.811710983795113,0.016890713659247644,0.005767780500126559,0.04084038877738924
N2,0.029005975273611206,0.8470637443717052,0.05507844491092934,0.011361480277198148,0.05749035516655605
N2,0.038659548264194765,0.8214184307047007,0.05357755800128552,0.02301914557372027,0.06332531745609889
N2,0.018137156949540174,0.8454824981382011,0.052307236471158355,0.009650984876476285,0.0744221235646241
N2,0.0265417445944705,0.8251270382375776,0.053313149737759025,0.057299228656482765,0.03771883877370994
N2,0.031442241569289056,0.7884273717084335,0.015181574060323538,0.11244877097137872,0.05250004169057524
N2,0.0363098110696142,0.8929651597391491,0.017508939269021157,0.03137053292348588,0.021845556998729466
N2,0.013893329385674731,0.9409960850990041,0.009478866390587492,0.02042873937366001,0.015202979751073653
N2,0.04688743949424615,0.9158225122969021,0.014880521773082498,0.00754190777937335,0.014867618656395689
N2,0.013630528110131416,0.9563221485219907,0.010786417399998045,0.008339785386601562,0.010921120581278036
N2,0.037974517499222815,0.887873634047279,0.011385198354328548,0.02786866125719793,0.034897988841971816
N2,0.04932662733755386,0.8566845366616034,0.00655712562057701,0.03747063196259394,0.04996107841767167
N2,0.011732178940075473,0.9239724968986844,0.011531184655587296,0.02106353527730162,0.03170060422835119
N2,0.012934343017582114,0.9492235231182188,0.010797424444164884,0.008304489857593815,0.0187402195624403
N2,0.022228657997427757,0.9348659726514018,0.010272969920275637,0.013234575073873312,0.019397824357021344
N2,0.03127693479992475,0.9235740373677985,0.022172586414446367,0.008995446384233245,0.013980995033596877
N2,0.02422690589704317,0.9108895436092478,0.026297801866897244,0.01191612748354637,0.026669621143265435
N2,0.030614399720185426,0.9201451368183522,0.016615672821679642,0.011327220197563386,0.021297570442219367
N2,0.019634498644182836,0.936872067173264,0.01622106017757859,0.011042024435181819,0.016230349569792853
N2,0.019336574687905065,0.9614518565351025,0.00649824163379383,0.0033235143880883345,0.009389812755110409
N2,0.019602711931775752,0.9517093083863666,0.013468525947198141,0.0034638726444227393,0.011755581090236876
N2,0.02123430295983862,0.9389029167063361,0.022131959550520053,0.004326568901597461,0.013404251881707737
N2,0.03171928094092515,0.9245402272527655,0.012875185487253244,0.00656915997045779,0.024296146348598325
N2,0.04046118884819125,0.9212495494926474,0.006442122607813245,0.008848746405475562,0.022998392645872705
W,0.006903384671308614,0.12609871233844097,0.3008282294363234,0.02844892565680518,0.5377207478971218
W,0.033903939063769595,0.12648893121132146,0.09041182872825664,0.031263145613045176,0.7179321553836072
W,0.003489579690402946,0.018736494350254294,0.06710233593716097,0.15683790949566498,0.7538336805265168
N2,0.0783494862009968,0.6242594844860302,0.03641985108494298,0.002870080520535317,0.25810109770749456
W,0.23442718815081418,0.3115722097348912,0.0028835287339911975,0.008109374530028886,0.4430076988502745
W,0.044533466217347106,0.08316618654074845,0.017284838811312413,0.023399079261399898,0.8316164291691922
N2,0.2228479729098441,0.6112471432666644,0.017668920082486907,0.024895322869339414,0.12334064087166505
N2,0.13206542439348987,0.8068080501988556,0.0046781029967816416,0.021003374154614264,0.03544504825625866
N2,0.06862974917858633,0.858044049160655,0.022263356833112122,0.021837464544785672,0.02922538028286077
N2,0.11885395562055828,0.7767330330339138,0.010614821120179974,0.03802077389027934,0.05577741633506865
N2,0.030836004823329977,0.9318417350342701,0.006762838837126807,0.007968194628284206,0.022591226676988773
N2,0.08098767151070636,0.8707291470461145,0.0024500159785490055,0.02003219563396462,0.02580096983066556
N2,0.07619137857251193,0.8050091112790224,0.0012073342096221508,0.05818018550180349,0.059411990437040235
N2,0.0666208548450294,0.788449886743136,0.004948399869682316,0.06741761266303553,0.07256324587911672
N2,0.07562140548021883,0.7742847053704709,0.0013929754612440194,0.08577483483746647,0.06292607885059973
N2,0.20615942866712256,0.4470044340075545,0.00313985819266554,0.12912460765906297,0.2145716714735944
N2,0.11817795488915439,0.5487958548357169,0.001886030317397292,0.08505699072771562,0.24608316923001575
N2,0.19152484418306773,0.4531545847478136,0.0026252233064714718,0.1217856995178264,0.23090964824482074
N2,0.16614490706981086,0.43670073584622277,0.0009289682178957521,0.209118671390739,0.18710671747533159
N2,0.10568884350660483,0.6080288627449629,0.002696396206662395,0.08111462188398581,0.20247127565778397
N2,0.043453556213617114,0.7649231922454389,0.0037106073955276886,0.02448247481402752,0.1634301693313889
